-0.8,-0.14,0.21,-0.3,-0.52,0.14,-0.3,0.22,-0.34,-0.49,0.15,0.92,0.27,0.16,-0.83,-0.86,0.4,0.02,-0.21,0.49,-0.27,-0.96,0.86,-0.44,-0.57,0.98,0.59,0.39,0.58,-0.9,-0.97,-0.15,0.87,-0.29,-0.91,0.12,-0.05,-0.08,-0.65,-0.91,0.56,0.93,-0.4,0.95,0.64,0.88,0.98,-0.75,0.71,
0.67,-0.2,0.32,-0.8,0.75,0.46,0.29,0.66,0.2,0.23,0.99,0.53,0.28,0.79,-0.69,0.96,0.22,-0.79,-0.95,0.44,-0.33,0.19,-0.22,0.95,-0.02,0.25,-0.34,0.26,-0.97,0.78,-0.64,0.03,0.09,-0.51,-0.36,0.9,0.81,-0.72,-0.95,-0.02,0.54,0.78,-0.26,0.72,0.86,0.5,-0.14,-0.37,-0.87,
0.98,-0.1,-0.07,-0.91,-0.91,0.94,-0.78,-0.63,-0.72,0.73,0.97,0.07,-0.77,-0.84,0.31,0.83,0.79,0.29,0.44,0.65,0.27,0.79,0.34,-0.66,-0.88,-0.7,-0.51,0.85,0.73,0.69,-0.16,-0.19,0.47,-0.98,0.02,0.33,0.76,0.88,-0.79,-0.56,-0.09,-0.57,0.21,0.54,0.47,-0.96,-0.16,-0.85,-0.05,
0.77,0.37,-0.86,0.96,0.23,-0.17,0.29,0.45,0.2,0.75,0.71,0.92,0.76,-0.32,0.66,-0.86,0.63,0.53,-0.62,0.49,0.73,0.92,-0.46,0.03,-0.08,0.71,-0.1,-0.13,-0.51,-0.88,0.24,-0.74,0.41,0.21,-0.26,0.4,-0.13,-0.37,0.04,-0.28,-0.41,0.02,0.46,0.03,-0.24,-0.7,-0.95,-0.87,-0.79,
-0.68,0.42,0.44,0.97,0.76,0.63,0.95,-0.35,0.14,-0.67,-0.34,0.75,-0.98,-0.06,-0.93,-0.84,-0.28,-0.36,-0.88,0.88,0.08,0.25,0.22,0.17,-0.21,0.88,0.22,-0.55,-0.98,0.64,0.93,-0.83,0.78,0.72,0.93,-0.49,-0.4,0.71,-0.7,-0.42,-0.54,0.93,-0.38,-0.23,0.27,-0.87,-0.95,0.84,0.67,
-0.44,0.27,-0.79,-0.74,0.22,0.27,-0.14,-0.52,0.95,0.2,-0.34,-0.75,0.49,0.46,-0.21,-0.36,0.76,-0.84,-1,0.09,0.42,0.75,-0.38,-0.77,0.53,0.69,-0.41,0.3,-0.35,-0.73,-0.79,-0.63,0.06,0.8,-0.12,0.35,0.25,-0.77,-0.13,0.48,-0.22,-0.5,0.32,-0.5,-0.78,0.92,0.26,-0.11,0.14,
-0.8,0.47,-0.34,-0.96,0.67,-0.78,0.98,0.84,-0.64,-0.34,0.71,-0.02,0.14,0.92,0.15,-0.54,0.86,0.97,-0.63,-0.36,-0.5,0.6,0.44,0.33,-0.76,0.39,-0.23,0.21,-0.41,0.03,-0.23,-0.02,0.98,0.73,-0.49,-0.47,0.82,-0.9,-0.49,-0.6,0.67,-0.82,0.86,0.28,0.46,0.85,-0.76,0.32,-0.18,
0.97,0.08,-0.35,-0.53,0.04,0.98,-1,0.7,0.58,0.47,0.73,0.78,-0.91,-0.48,-0.12,-0.38,0.97,-0.36,-0.19,-0.4,0.53,0.88,0.2,-0.5,0.7,0.92,-0.97,0.71,-0.53,0.48,0.96,-0.08,-0.2,-0.98,0.22,-0.05,0.44,0.97,-0.93,0.68,-0.63,0.79,0.77,0.82,-0.95,0.99,0.25,0.8,0.48,
-0.5,0.85,-0.83,-0.65,0.79,-0.92,0.25,-0.09,-0.88,0.72,0.73,-0.18,0.03,-0.45,0.92,0.41,0.53,0.94,-0.58,0.59,0.26,0.62,0.21,0.29,0.73,-0.37,-0.93,0.39,-0.07,0.99,0.04,-0.11,-0.36,-0.49,-0.32,-0.99,0.91,0.04,-0.77,0.88,0.18,0.77,0.75,-0.16,-0.02,0.07,0.09,-0.47,-0.6,
-0.27,-0.28,-0.14,0.28,0.53,0.19,0.62,0.05,0.26,-0.07,-0.5,0.74,0.51,0.05,0.33,0.38,-0.6,0.35,-0.49,0.13,0.2,-0.11,0.74,0.59,0.31,-0.34,0.39,-0.64,-0.67,-0.39,0.59,0.84,-0.53,-0.27,0.57,-0.89,-0.8,-1,0.35,-0.36,-0.06,-0.84,-0.65,-0.89,-0.3,-0.91,0.6,0.21,-0.59,
0.04,-0.28,0.67,-0.12,-0.73,-0.27,-0.7,0.79,0.42,0.19,0.81,-0.02,-0.86,0.8,0.2,0.4,-0.32,-0.81,0.75,-0.81,-0.07,-0.43,-0.5,0.91,-0.45,0.81,-0.33,-0.42,-0.38,0.93,0.32,-0.24,0.68,-0.19,-0.65,0.53,0.57,-0.24,-0.65,0.28,-0.33,0.61,-0.38,-0.56,-0.75,-0.24,0.92,-0.6,0.87,
0.52,-0.15,0.18,-0.55,-0.21,-0.95,0.45,-0.41,0.68,-0.37,0.73,0.61,0.29,0.07,-0.01,0.9,0.5,-0.39,0.77,0.19,-0.76,0.91,0.85,-0.59,0.2,0.98,0.69,0.02,-0.86,0.92,-0.65,0.24,0.9,0.96,-0.62,-0.74,0.22,0.87,-0.88,0.8,-0.7,-0.47,-0.55,-0.43,-0.29,0.27,0.97,-0.64,-0.95,
0.48,0.37,-0.6,0.56,-0.75,0.28,0.67,-0.23,0.73,-0.53,-0.95,-0.34,-0.11,0.09,-0.52,0.22,-0.4,0.13,0.86,-0.82,0.95,-0.83,-0.26,-0.07,0.51,0.64,-0.44,0.32,-0.85,0.21,-0.6,0.69,-0.36,-0.42,0.69,0.92,0.45,-0.4,-0.13,0.04,0.64,-0.6,0.17,-0.51,0.62,0.82,-0.06,-0.69,-0.06,
0.6,0.34,-0.3,0.09,-0.54,0.65,0.41,0.96,0.93,0.16,-0.05,0.39,-0.43,-0.25,0.84,0.69,-0.5,0.7,0.58,0.36,-0.48,0.75,0.6,-0.9,0.55,0.03,-0.81,-0.97,-0.29,0.04,0.54,0.37,0.8,-0.7,0.9,-0.82,0.88,0.49,-0.85,-0.39,-0.17,-0.53,-0.11,0.16,-0.8,0.81,-0.49,0.2,-0.97,
