0.7,-0.13,-0.79,-0.3,-0.88,0.86,-0.19,-0.65,0.54,0.25,-0.39,0.15,0.72,0.4,-0.08,0.37,-0.93,0.86,0.82,-0.78,-0.57,-0.88,0.48,-0.28,-0.87,-0.56,0.24,0.77,0.52,-0.31,0.77,-0.42,0.44,-0.77,-0.64,-0.53,0.28,0.71,-0.28,0.24,-0.56,-0.59,-0.18,0.28,-0.43,0.27,-0.2,-0.51,0.88,0.9,
-0.71,-0.27,0.36,0.84,0.38,-0.84,-0.64,0.48,-0.38,-0.03,0.56,0.01,-0.04,0.61,-0.3,-0.93,0.4,-0.7,-0.92,-0.4,0.01,0.64,0.13,0.42,-0.25,-0.22,-0.71,0.1,0.73,-0.74,0.25,0.41,-0.36,-0.94,0.34,-0.76,0.68,0.06,0.44,-0.75,-0.62,-0.78,0.14,-0.24,-0.01,0.98,-0.24,-0.61,-0.47,0.15,
0.66,0.5,0.76,0.23,-0.77,0.66,-0.46,-0.33,-0.2,0.12,0.85,-0.63,0.06,-0.36,-0.36,-0.47,-0.71,0.82,-0.36,-0.92,0.79,-0.8,-0.23,-0.61,0.48,0.22,-0.66,-0.84,-0.57,0.43,-0.62,-0.62,-0.6,0.05,-0.37,-0.74,-0.12,0.35,0.79,-0.58,0.62,-0.4,-0.72,0.77,-0.33,0.42,-0.56,-0.06,0.81,0.36,
-0.98,0.78,-0.09,0.65,-0.57,-0.48,0.44,0.67,0.73,0.59,-0.03,0.91,-0.37,0.2,0.76,0.25,-0.79,0.28,-0.66,0.21,0.87,-0.44,0.63,-0.81,0.04,-0.3,0.61,0.77,-0.39,-0.18,-0.54,-0.93,0.17,0.34,-0.82,-0.88,-0.6,-0.94,-0.76,-0.26,-0.25,0,0.83,0.1,0.06,0.51,-0.87,0.45,0.28,-0.23,
-0.93,-0.78,0.18,-0.85,0.71,0.89,-0.34,0,-0.1,0.19,0.78,0.52,-0.52,-0.17,0.7,0.9,0.1,-0.35,-0.58,-0.08,0.07,0.17,0.96,-0.3,-0.06,0.81,-0.16,0.74,-0.46,0.42,-0.75,0.86,0.97,0.17,-0.81,0.98,-0.65,0.06,0.01,-0.48,0.03,0.45,0,0.85,-0.24,0.88,0.77,0.22,0.69,0.47,
0.4,-0.54,-0.92,-0.38,0.13,0.98,-0.96,-0.96,-0.12,0.38,0.09,0.24,-0.29,-0.06,-0.54,0.09,0.78,-0.39,-0.27,-0.91,0.1,0.97,0.69,-0.53,0.71,-0.33,0.52,0.85,0.45,-0.68,-0.9,0.71,0.56,0.81,0.13,-0.46,-0.42,0.38,0.39,0.31,-0.17,0.41,0.13,-0.97,0.87,-0.35,0.45,0.83,-0.39,-0.23,
0.02,-0.56,0.92,-0.61,0.66,0.05,-0.22,0.68,-0.07,0.72,0.38,-0.5,0.29,-0.35,-0.42,-0.76,-0.95,-0.32,0.58,-0.24,-0.99,0.38,0.44,-0.78,-0.66,0.31,0.48,0.32,0.34,0.47,0.7,0.57,-0.97,0.53,-0.35,0.79,0.28,0.19,-0.54,0.36,0.56,0.15,-0.55,-0.29,0.1,0.49,-0.13,0.43,0.96,0.54,
-0.06,-0.09,-0.84,-0.52,0.81,0.34,0.44,-0.4,0.23,-0.86,0.65,0.28,-0.51,-0.71,0.9,-0.11,-0.59,-0.6,0.66,-0.6,-0.58,0.93,0.23,0.19,0.14,-0.52,0.13,0.58,0.23,0.86,0.02,-0.38,0.37,-0.44,-0.13,0.43,0.14,0.08,0.07,-0.23,0.03,0.99,-0.22,-0.6,-0.17,-0.7,0.77,-0.64,0.21,0.1,
0.44,0.41,-0.25,-0.23,-0.56,-0.77,0.44,0.96,-0.5,0.5,0.89,-0.18,-0.33,0.14,0.2,0.06,0.33,-0.47,-0.91,-0.84,-0.41,0.43,0.69,-0.69,-0.43,-0.19,-0.69,0.75,-0.57,-0.19,-0.03,0.73,-0.31,0.5,-0.76,-0.64,-0.31,0.09,-1,-0.41,-0.51,-0.33,-0.54,0.34,0.71,0.64,0.62,0.37,0.56,0.31,
-0.05,0.14,-0.36,-0.82,0.61,-0.13,-0.94,0.4,0.58,-0.44,0.31,0.54,0.52,-0.94,-0.29,-0.89,0.78,-0.08,-0.52,0.19,0.29,0.09,-0.46,-0.62,0.97,0.59,0.91,0.4,-0.92,0.74,-0.25,-0.83,-0.13,-0.33,0.54,-0.3,0.74,0.34,0.41,-0.11,-0.28,-0.18,-0.81,-0.55,0.91,-0.2,0.25,0.88,0.69,0.19,
-0.08,-0.61,0.08,0.47,0.21,-0.53,0.87,0.15,0.01,0.4,-0.74,0.04,0.22,0.34,-0.38,-0.18,-0.74,0.31,-0.03,-0.96,-0.06,0.2,-0.8,0,0.14,0.55,-0.87,0.96,-0.13,-1,0.64,0.64,-0.51,0.87,0.37,0.32,-0.74,-0.7,0.68,-0.56,0.1,0.63,0.43,-0.93,0.45,0.95,-0.85,-0.85,-0.94,-0.6,
0.05,0.54,-0.5,0.45,0.23,-0.3,0.6,-0.16,0.71,-0.51,0.33,0.21,0.08,-0.8,-0.37,-0.81,0.03,-0.12,-0.42,-0.26,0.95,0.62,0.95,0.12,-0.6,-0.41,0.44,-0.35,-0.6,0.31,0.91,-0.62,0.35,-0.93,-0.29,0.63,-0.24,-1,-0.39,-0.28,0.13,-0.05,0.83,-0.95,0.52,0.26,-0.54,-0.03,-0.78,0.68,
-0.77,0.57,0.01,0.63,-0.74,0.24,-0.4,0.97,-1,-0.06,0.77,0.41,0.42,-0.63,0.78,-0.24,-0.61,0.59,-0.52,-0.25,-0.75,0.9,-0.3,0.18,0.1,0.65,-0.11,0.3,0.74,0.48,-0.37,0.15,-0.57,-0.63,-0.39,0.53,0.09,0.11,0.64,-0.8,-0.61,0.86,0.39,0.33,-0.82,0.17,-0.81,-0.29,0.12,0.73,
0.51,0.9,0.56,0.51,0.38,0.67,-0.68,-0.36,0.82,0.28,-0.45,0.71,0.22,0.69,-0.48,-0.33,-0.81,-0.8,-0.18,0.85,0.43,-0.12,-0.94,0.67,-0.22,0.4,-0.26,-0.38,0.62,0.3,0.72,-0.39,-0.68,-0.82,0.58,-0.33,0.34,0.45,-0.46,-0.12,-0.6,0.93,0.29,0.03,0.18,-0.65,-0.96,-0.22,-0.35,-0.1,
0.15,0.93,0.1,0.22,0.97,0.8,0.85,-0.91,-0.28,0.91,-0.94,-0.79,0.77,0.03,-0.17,-0.22,0.99,-0.1,-0.02,0.24,0.61,0.07,0.42,0.4,0.72,-0.2,-0.08,-0.92,-0.67,0.6,0.25,0.73,0.43,-0.12,-0.36,-0.27,-0.79,0.2,0.65,-0.4,0.31,0.3,-0.29,0.34,0.05,0.62,0.38,-0.34,-0.85,0.4,
-0.39,-0.99,0.51,-0.9,0.77,-0.34,-0.12,-0.55,0.8,-0.2,0.25,0.19,0.67,-0.8,0.33,0.59,0.02,0.49,-0.32,0.4,-0.11,-0.7,0.06,-0.63,-0.62,-0.37,-0.89,-0.76,-0.34,0.9,0.75,-0.27,-0.2,0.99,-0.58,0.41,0.05,-0.91,0.82,0.44,-0.63,-0.96,0.75,-0.16,0.36,-0.36,-0.13,-0.72,-0.92,0.27,
0.8,0.76,0.74,-0.7,-0.13,-0.91,-0.25,-0.13,-0.3,0.91,0.81,0.71,0.09,-0.2,-0.65,-0.94,-0.68,0.64,0.97,0.24,0.24,-0.77,0.11,-0.73,0.35,0.35,-0.84,0.76,-0.96,0.91,0.89,-0.62,-0.89,0.15,-0.25,-0.48,0.93,-0.23,0.42,-0.45,0.72,0.2,0.39,-0.28,-0.5,-0.74,-0.39,-0.61,-0.65,0.27,
-0.06,0.04,0.15,-0.65,-0.25,-0.07,0.33,-0.6,-0.06,-0.88,0.8,0.14,0.1,0.78,-0.97,-0.29,-0.43,-0.04,-0.92,0.79,-0.79,-0.94,0.88,-0.1,0.32,-0.63,-0.37,0.11,0.18,0.37,0.13,0.33,0.79,0.27,-0.08,0.32,0.93,0.38,-0.52,0.19,-0.98,-0.96,-0.53,0.63,0.94,0.72,-0.25,0.7,-0.44,-0.89,
0.16,0.21,0.23,0.4,-0.62,-0.37,0.27,-0.81,-0.58,0.35,0.59,0.4,0.8,-0.61,-0.55,0.76,-0.78,0.06,-0.52,0.95,-0.89,-0.57,-0.86,0.61,0.33,-0.24,0.22,-0.97,0.63,-0.71,-0.85,-0.8,0.01,0.44,-0.54,0.21,-0.42,0.89,-0.32,-0.83,-0.47,0.06,0.92,0.13,0.63,-0.47,0.55,-0.17,0.68,0.17,
0.53,0.59,0.63,0.73,-0.93,0.7,0.35,-0.09,-0.7,0.19,-0.81,-0.84,-0.13,0.96,-0.89,0.6,0.42,0.74,0.68,-0.63,-0.96,-0.61,-0.13,-0.37,0.84,0.51,-0.3,-0.29,-0.86,-0.44,0.32,-0.72,0.07,0.83,-0.67,0.89,0.68,-0.68,-0.57,0.2,-0.87,0.61,-0.9,0.87,0.99,-0.82,-0.37,0.85,0.97,-0.5,
0.69,0.99,0.91,-0.22,-0.29,0.19,-0.76,0.42,-0.71,0.41,-0.62,0.84,-0.91,-0.6,0.03,-0.82,-0.07,-0.09,0.91,-0.1,0.54,-0.23,-0.45,-0.37,0.22,0.18,-0.52,-0.54,0.67,0.71,-0.92,0.66,0.07,0.15,-0.4,0.97,0.99,-0.1,0.91,0.34,0.12,0.66,-0.58,-0.01,-0.37,-0.11,0.25,0.76,-0.29,-0.69,
-0.24,-1,0.24,0.76,0.01,-0.72,-0.82,0.68,-0.91,-0.84,-0.64,-0.63,-0.58,0.6,0.51,-0.51,0.16,0.08,-0.38,0.92,0.26,0.76,0.11,0.32,-0.09,-0.93,-0.47,-0.53,-0.24,0.93,0.04,-0.2,-0.68,0.62,0.78,0.39,0.83,0.09,0.15,0.54,0.63,0.13,0.51,-0.92,0.12,0.38,0.82,-0.52,-0.3,-0.33,
0.48,-0.51,-0.79,0.39,0.3,0.49,-0.84,0.34,-0.23,-0.74,-0.8,0.42,0.82,-1,-0.25,0.21,0.38,0.88,0.24,0.64,-0.25,-0.24,0.98,-0.04,0.18,0.48,0.97,0.32,-0.06,-0.19,-0.25,-0.25,-0.51,0.48,0.31,-0.76,-0.75,-0.9,0.62,0.43,0.26,-0.99,-0.86,0.82,-0.26,0.65,-0.4,0,-0.06,0.48,
0.73,-0.28,-0.25,0.9,0.77,-0.63,0.15,-0.83,-0.37,0,-1,0.72,-0.42,-0.89,0.17,-0.81,-0.04,-0.39,0.01,0.62,0.76,0.15,0.6,0.25,-0.66,0.37,-0.63,0.76,-0.48,-0.33,0,0.14,-0.67,0.45,0.47,0.68,0,0.53,-0.16,0.19,0.98,0.32,-0.71,0.93,-0.47,0.32,-0.92,-0.08,-0.15,0.41,
