0.36,0.21,-0.39,0.67,-0.14,-0.57,-0.01,0.71,0.2,-0.33,-0.61,-0.57,0.35,0.76,0.01,-0.27,0.9,0.33,0.89,0.73,-0.81,-0.56,-0.37,-0.66,
-0.22,-0.71,-0.79,-0.84,0.49,0.27,0.11,-0.08,0.43,0.82,-0.15,-0.31,0.03,0.02,0.2,-0.68,0.32,0.43,-0.02,0.91,0.75,-0.03,0.68,0.89,
-0.24,0.22,0.88,0.49,0.17,0.74,0.92,0.07,-0.65,-0.78,0.68,-0.65,-0.38,-0.56,-0.21,0.7,0.19,-0.3,0.49,0.62,0.8,-0.19,-0.69,-0.51,
0.96,0.35,-0.37,-0.89,0.24,-0.48,0.18,-0.05,0.05,0.9,-0.21,0.52,0.5,-0.73,0.1,0.73,-0.52,0.84,0.13,-0.17,-0.44,-0.93,-0.54,0.54,
0.69,-1,-0.39,0.41,0.24,-0.89,0.59,0.34,-0.6,-0.16,0.11,-0.99,-0.23,0.76,-0.93,0.83,-0.81,-0.44,-0.69,0.42,-0.06,0,0.22,0.35,
-0.31,-0.26,0.37,-0.91,0.15,0.59,0.64,-0.56,0.49,0.96,-0.55,-1,-0.86,0.49,0.92,0.11,0.44,0.34,0.29,0.92,0.71,0.26,-0.48,0.97,
-0.81,-0.51,-0.82,0.12,-0.4,0.77,-0.33,-0.27,-0.91,-0.07,0.99,-0.09,-0.13,0.72,-0.19,-0.44,-0.65,0.87,0.02,-0.02,0.31,0.1,0.14,0.88,
0.79,0.4,-0.87,-0.2,-0.62,-0.46,0.96,0.94,-0.76,0.69,0.3,0.88,-0.66,-0.35,-0.27,0.87,-0.7,0.44,-0.97,-0.9,0.63,-0.92,-0.94,0.9,
0.55,0.81,-0.92,-0.73,-0.73,-0.37,-0.62,-0.79,0.3,-0.06,-0.25,0.92,-0.78,-0.37,-0.2,-0.88,0.4,0.91,0.03,-0.41,0.34,0.01,-0.32,-0.07,
-0.9,-0.88,0.98,0.43,-0.68,0.84,-0.58,0.59,-0.08,0.54,-0.83,-0.25,-0.79,-0.29,-0.97,-0.5,0.09,0.34,-0.64,-0.42,0.63,0.85,-0.3,0.08,
0.25,0.63,0.11,0.5,-0.51,0.72,-0.95,0.19,-0.14,0.85,0.11,-1,0.9,0.43,0.89,0.61,-0.53,0.92,-0.33,-0.02,0.07,0.19,-0.9,0.95,
0.4,-0.03,-0.37,-0.63,0.4,0.74,-0.36,0.87,-0.08,0.42,0.48,0.47,0.39,0.27,0.31,0.46,0.46,-0.78,0.82,0.59,0.01,-0.17,-0.28,0.74,
-0.24,0.22,0.01,0.52,-0.89,0.19,0.54,0.28,-0.93,-0.98,0.33,0.22,-0.98,0.07,-0.14,0.67,0.05,0.92,-0.86,0.4,0,-0.95,0.26,-0.32,
-0.71,-0.73,-0.08,-0.42,0.65,-0.72,0.46,0.24,0.55,-0.22,0.12,0.57,-0.38,0.34,-0.73,-0.98,0.42,-0.29,-0.31,0.67,-0.31,0.55,0.18,0.86,
0.16,-0.52,0.87,-0.52,0.95,0.67,0.27,-0.06,-0.03,0.77,-0.28,0.07,-0.15,-0.73,-0.41,0.25,-0.24,0.32,-0.02,-0.67,0.96,0.25,0.81,0.83,
-0.68,0.68,-0.29,0.97,-0.71,0.07,-0.9,-0.74,-0.72,0.91,-0.39,0.9,0.62,0,0.65,0.53,0.96,-0.76,-0.42,0.45,0.03,0.84,-0.08,-1,
-0.78,-0.3,-0.23,0.64,0.49,0.71,-0.35,-0.43,0.5,0.98,-0.17,-0.64,-0.26,0.18,0.69,-0.11,-0.65,-0.95,-0.64,0.84,-0.29,0.81,0.05,-0.49,
0.27,0.91,0.71,-0.24,0.93,-0.74,0.48,0.56,-0.73,0.77,0.37,0.35,0.61,0.13,0.5,-0.46,0.92,0.05,0.3,-0.64,0.32,-0.42,0.32,0.58,
0.11,-0.51,0.58,-0.55,0.31,-0.9,-0.35,-0.54,-0.9,0.11,0.06,-0.96,-0.64,-0.26,-0.73,0.87,0.45,0.52,0.49,0.28,-0.93,-0.54,-0.24,0.92,
-0.3,-0.92,0.15,-0.46,-0.66,0.59,0.3,0.29,-0.11,0.23,0.89,0.25,-0.14,0.46,0.99,0.44,0.17,-0.44,0.03,-0.68,-0.53,0.03,-0.74,0.96,
-0.2,0.28,0.93,-0.76,-1,-0.09,0.4,0.65,-0.85,0,-0.86,-0.28,-0.87,-0.21,0.87,-0.5,0.53,-0.32,-0.36,0.04,-0.85,-0.3,-0.82,-0.33,
-0.93,-0.27,0.14,0.3,0.48,-0.5,0.67,-0.93,-0.02,0.88,-0.71,-0.6,0.56,-0.76,0.01,-0.77,0.49,0.48,0.56,-0.24,0.09,0.59,0.28,0.85,
-0.3,0.64,-0.68,-0.06,-0.6,0.89,0.63,-0.14,0.61,0.14,-0.96,-0.03,-0.75,-0.97,-0.63,0.88,0.42,0.46,0.62,-0.14,0.63,0.8,-0.85,-0.07,
0.42,-0.75,0.4,0.84,0.94,-0.27,-0.37,-0.22,-0.98,-0.66,-0.49,0.43,0.43,-0.68,-0.99,0.53,-0.88,0.08,0.48,0.02,-0.61,0.45,0.45,-0.41,
0.47,0.62,-0.62,-0.24,0.72,0.51,0.62,0.19,0.55,0.14,0.82,0.1,0.79,0.81,-0.25,-0.11,-0.81,-0.93,-0.72,0.95,-0.15,-0.45,0.96,0.71,
-0.22,0.91,0.31,-0.93,0.5,0.48,-0.31,0.56,0.3,-0.31,-0.8,0.21,0.13,0.87,-0.45,-0.4,0,0.36,0.07,-0.95,0.78,-0.01,-0.35,0.62,
0.22,-0.82,0.76,0.94,-0.42,-0.67,0.41,0.9,-0.05,0.38,0.51,-0.87,0.26,0.09,0.44,-0.37,-0.33,0.07,0.45,-0.71,0.12,-0.07,0.65,-0.06,
-0.91,0.55,0.86,0.81,0.41,-0.99,-0.33,0.21,0.59,0.8,-0.75,0.17,0.25,-0.3,-0.82,0.13,-0.75,0.98,-0.81,-0.2,0.67,0.16,-0.34,-0.87,
0.82,0.23,-0.37,0.11,-0.34,0.36,-0.07,-0.56,-0.35,0.06,-0.33,0.17,-0.47,-0.1,0.44,0.42,-0.35,0.41,-0.54,0.38,0.2,-0.77,-0.54,-0.48,
0.78,0.95,0.88,-0.59,0.76,0.44,0.96,-0.8,0.86,-0.62,0.01,-0.59,-0.21,-0.66,0.66,0.82,0.41,0.33,0.42,0.59,0.06,-0.8,-0.84,0.14,
0.3,-0.72,-0.77,-0.02,0.45,-0.88,-0.7,-0.61,-0.81,0.6,0.24,-0.46,0.3,0.3,-0.15,0.17,-0.51,0.47,0,-0.74,-0.13,-0.01,-0.6,0.33,
-0.39,0.9,-0.48,0.86,0.23,0.04,-0.96,0.07,-0.04,0.37,0.17,-0.3,0.05,0.4,-0.56,0.23,0.32,0.65,0.38,-0.19,-0.95,-0.35,0.18,-0.83,
0.85,0.87,-0.89,0.38,-0.03,0,-0.65,0.67,0.37,-0.02,-0.56,-0.62,0.7,-0.87,-0.49,0.79,0.56,-0.54,0.35,-0.08,0.12,-0.92,0.51,0.98,
0.89,0.87,0.18,-0.2,-0.51,0.98,0.01,-0.54,-0.65,0.34,0.94,-0.51,-0.45,0.33,-0.04,-0.63,-0.99,-0.08,-0.53,-0.41,-0.23,-0.25,0.65,-0.36,
-0.38,-0.04,-0.71,-0.3,0.1,0.35,0.11,-0.59,-0.86,0.14,-0.03,-0.23,-0.54,-0.27,0.4,-0.14,-0.77,0.71,-0.43,-0.37,-0.93,-0.55,0.98,-0.21,
0.01,-0.9,0,-0.11,-0.87,-0.56,-0.17,0.16,-0.54,0.78,0.28,0.39,0.14,-0.98,0.81,0.49,0.5,0.05,0.53,-0.06,-0.17,-0.51,-0.97,0.27,
-0.39,-0.1,0.53,0.49,0.7,-0.23,0.41,-0.86,0.4,-0.32,-0.81,0.37,-0.5,-0.38,0.32,-0.31,0.64,-0.83,-0.93,-0.66,0.42,0.77,-0.92,0.6,
-0.05,0.61,0.45,0.57,-0.5,0.51,-0.84,0.47,-0.88,0.88,0.45,-0.59,-0.37,0.96,0.9,0.04,-0.21,-0.49,0,0.05,0.64,0.93,-0.6,0.73,
-0.45,0.2,-0.5,0.25,0.84,0.55,0.04,-0.97,-0.69,-0.43,-0.3,-0.83,-0.27,0.22,0.01,0.37,-0.39,0.05,-0.58,0.4,0.44,0.23,-0.28,0.03,
0.58,0.91,0.84,-0.34,-0.02,0.98,0.92,-0.73,-0.84,0.25,0.21,-0.89,-0.03,0.52,0.1,0.51,-0.38,-0.58,0.78,-0.02,-0.51,-0.01,-0.59,0.69,
-0.2,-0.12,0.94,-0.53,0.39,0.69,-0.97,-0.59,-0.59,0.19,-0.78,0.57,0.34,0.57,-0.97,-0.21,0.91,-0.84,0.97,0.24,-0.91,0.78,-0.75,-0.73,
-0.22,-0.97,0.56,0.52,0.77,-0.59,0.17,-0.66,0.57,0.22,-0.33,0.92,0.77,-0.93,0.36,-0.68,0.11,0.48,-0.22,0.12,0.9,0.41,-0.19,0.93,
-0.16,0.87,0.65,0.28,0.83,-0.38,0.45,0.34,0.9,-0.95,0.09,0.63,-0.73,0.01,0.68,-0.3,0.72,0.03,-0.95,-0.6,-0.42,0.97,0.42,0.39,
0.38,-0.39,-0.75,-0.31,0.87,-0.22,0.3,-0.51,-0.22,0.63,0.22,-0.45,0.89,-0.37,0.59,0.62,0.57,0.52,0.16,-0.17,-0.63,0.5,0.62,0.96,
-0.16,0.97,0.26,-0.44,0.5,-0.1,-0.71,-0.27,0.44,0.47,0.5,-0.74,0.48,-0.74,0.19,0.75,0.51,0.54,-0.89,-0.67,0.29,-0.74,0.54,-0.54,
0.64,0.87,0.69,-0.04,0.85,0.57,-0.73,-0.16,-0.85,-0.85,-0.36,0.99,-0.07,0.26,-0.7,0.64,0.38,-0.95,0.49,-0.51,-0.65,0.9,-0.29,0.15,
0.25,-0.28,0.52,0.58,-0.88,0.22,-0.58,0.06,0.79,-0.69,-0.64,-0.18,-0.55,-0.58,0.24,0.19,0.63,0.39,0.63,0.64,0.26,-0.26,0.36,-0.81,
-0.84,0.08,0.67,0.37,0.42,0.09,-0.57,-0.39,-0.19,-0.31,0.13,-0.78,-0.54,-0.87,-1,0.74,-0.42,0.39,0.02,-0.11,0.69,-0.16,-0.64,0.31,
0.21,-0.42,0.09,0.45,-0.01,-0.78,-0.97,0.66,-0.74,-1,0.55,0.53,-0.94,-0.95,-0.82,0.89,-0.81,0.03,-0.29,0.54,0.1,-0.17,-0.74,0.7,
-0.92,-0.52,0.9,0.66,0.75,0.56,-0.88,-0.59,-0.03,0.71,0.36,0.01,-0.1,0.86,0.83,-0.55,0.35,0.04,0.13,0.95,0.95,0.26,0.08,0.23,
-0.09,0.45,-0.19,0.76,0.58,0.42,0.23,0.9,0.27,-0.71,-0.96,-0.77,0.49,-0.51,-0.74,0.45,-0.82,-0.53,0.23,-0.44,-0.17,0,-0.47,0.12,
-0.68,-0.24,-0.5,0.9,0.81,-0.51,-0.83,0.04,0.36,0.69,0.11,-0.19,0.72,0.55,0.12,-0.18,-0.07,0.31,-0.03,0.73,-0.47,-0.48,-0.84,-0.4,
-0.3,0.33,0.59,-0.98,0.68,-0.37,-0.8,-0.93,-0.07,-0.78,0.88,-0.34,0.08,0.34,-0.18,0.86,0.79,-0.76,0.38,0.58,0.77,0.48,-0.17,-0.22,
-0.25,-0.27,-0.08,-0.75,0.09,-0.64,0.82,0.12,-0.81,-0.86,-0.89,-0.41,0.68,-0.43,-0.15,-0.5,-0.54,0.47,0.94,-0.85,-0.45,-0.96,0.98,0.07,
0.33,0.65,0.53,-0.39,0.65,-0.67,-0.49,-0.1,0.61,-0.11,-0.71,0.21,0.17,0.7,0.14,0.51,0.54,-0.51,0.91,-0.17,-0.9,0.63,0.1,-0.18,
-0.97,-0.3,0.77,0.97,0.04,-0.64,-0.47,0.53,0.96,-0.43,0.56,-0.2,-0.36,-0.82,0.92,-0.22,0.9,0.76,0.25,-0.29,-0.53,-0.22,0.34,0.67,
-0.17,0.75,0.23,0.94,0.27,-0.24,0.54,0.17,0,-0.55,0.95,-0.32,0.73,0.65,0.36,-0.38,0.84,-0.97,-0.72,0.66,-0.27,-0.38,-0.89,0.55,
-0.4,-0.2,-0.25,-0.18,-0.02,-0.61,0.94,-0.26,0.01,-0.04,0.76,0.12,0.83,0.56,0.34,-0.08,-0.12,0.68,-0.53,-0.8,0.19,0.52,0.26,-0.84,
0.71,0.48,0.6,-0.62,0.62,-0.15,-0.25,0.11,-0.19,0.85,0.51,-0.43,-0.87,0.57,0,-0.06,-0.1,0.63,0.97,-0.79,-0.18,-0.79,0,-0.76,
0.76,-0.2,-0.55,0.74,0.65,0.8,-0.37,-0.51,0.79,-0.57,0.2,-0.18,-0.99,-0.68,0.44,0.56,-0.14,-0.18,0.38,-0.62,-0.67,-0.03,-0.38,-0.95,
-0.52,-0.03,-0.58,0.06,-0.69,-0.95,0.23,-0.53,0.24,0.57,-0.86,0.52,-0.59,0.22,-0.49,0.12,0.53,-0.51,0.89,-0.19,0.99,-0.29,-0.57,0.12,
-0.01,-0.96,-0.01,0.28,0.74,-0.57,-0.21,-0.38,-0.68,0.93,0.84,0.49,-0.6,0.72,-0.57,-0.25,-0.88,0.18,0.21,0.39,0.77,-0.9,0.23,-0.31,
0.25,0.66,0.26,-0.17,0.31,-0.75,0.87,-0.79,-0.44,-0.77,-0.26,-0.37,0.16,0.38,-0.2,-0.27,-0.18,0.24,0.02,0.99,0.87,-0.57,0.57,0.39,
-0.29,0.24,-0.22,-0.76,0.74,0.31,0.03,-0.68,0.11,-0.35,-0.01,0.04,0.83,0.11,-0.12,0.69,0.16,-0.82,-0.85,-0.89,0.46,0.83,-0.12,0.9,
0.9,-0.35,0.89,0.37,-0.11,0.29,0.91,0.5,-0.77,-0.94,-0.54,-0.79,0.36,0.33,-0.55,-0.35,-0.85,0.3,-0.08,-0.44,-0.99,-0.68,0.87,-0.38,
0.28,0.41,-0.81,0.4,0.53,0.38,-0.13,-0.47,0.71,0.69,0.47,-0.9,-0.34,-0.37,0,-0.94,0.06,0.41,0.92,-0.16,-0.61,0.86,0.99,-0.2,
-0.08,0.15,-0.02,0.87,-0.57,-0.79,0.87,-0.81,0.57,-0.75,-0.71,-0.5,-0.02,0.14,0.58,-0.54,-0.09,0.96,0.94,0.29,-0.63,0.73,-0.67,-0.5,
0.45,-0.6,0.64,-0.4,-0.41,-0.85,0.4,-0.95,0.19,-0.51,-0.8,-0.27,0.63,0.65,-0.84,0.76,0.21,0.34,0.98,-0.95,0.39,0.19,0.07,-0.27,
-0.64,-0.91,-0.11,0.04,0.32,0.38,-1,-0.9,-0.8,-0.04,0.55,0.64,0.07,-0.61,0.08,-0.2,0.6,0.03,-0.57,-0.74,0.21,-0.27,-0.33,0.17,
0.24,-0.89,0.89,0.74,-0.24,-0.17,-0.28,0.82,-0.21,-0.52,0.05,0.82,0.41,0.35,-0.6,0.26,0.95,-0.63,-0.32,-0.22,0.36,-1,0.04,-0.67,
-0.69,-0.81,0.57,-0.77,0.83,-0.83,-0.1,-0.58,0.28,-0.59,0.46,0.47,-0.21,-0.41,0.17,0.41,0.79,0.63,-0.43,-0.66,-0.35,-0.09,0.54,0.9,
0.89,-0.7,0.51,-0.19,-0.02,0.62,-0.45,0.04,0,0.81,-0.96,-0.3,0.48,-0.8,0.36,0.99,-0.25,-0.2,-0.79,0.25,-0.5,-0.43,-0.35,0.99,
-0.5,-0.93,-0.27,-0.3,-0.28,-0.37,-0.31,-0.58,0.07,0.55,0.65,-0.15,-0.51,0.5,-0.5,0.18,0.9,0.5,0.68,-0.92,0.83,-0.01,0.78,-0.8,
-0.7,0.58,0.83,0.01,0.99,0.49,-0.96,0.86,0.54,0.43,0.94,-0.35,-0.02,0.95,-0.91,0.38,0.73,0.98,-0.88,-0.34,0.17,-0.56,-0.61,-0.91,
0.43,-0.78,0.43,-0.54,0.29,-0.39,0.22,0.85,0.45,-0.86,0.75,-0.67,-0.64,-0.77,0.5,-0.85,0.81,0.05,-0.66,0.23,-0.14,0.9,0.58,0.82,
-0.01,0.8,-0.21,0.68,-0.39,0.47,0.04,-0.98,-0.47,-0.64,-0.65,-0.14,0.3,0.39,0.99,0.9,-0.08,0.58,0.17,-0.49,-0.26,0.98,0.12,0.51,
-0.67,-0.63,-0.4,0.16,-0.23,-0.6,-0.71,-0.06,0.49,0.04,-0.09,0.67,-0.5,0.88,0.17,-0.66,0.37,-0.91,0.64,-0.98,0.62,-0.16,-0.99,0.79,
0.59,-0.53,0.78,-0.91,-0.68,0.78,0.61,-0.99,0.66,0.56,0.41,0.48,-0.45,0.63,-0.71,0.79,0.39,-0.6,0.22,0.35,-0.16,0.18,-0.88,-0.12,
0.95,-0.08,-0.44,0.29,-0.92,0.45,0.85,-0.19,-0.75,0.04,0.01,0.01,-0.04,0.96,-0.03,-0.72,-0.7,-0.46,0.99,0.56,-0.64,0.64,-0.06,-0.81,
