0.64,-0.72,0.63,-0.22,-0.32,-0.83,-0.64,-0.4,-0.16,-0.35,0.39,-0.85,-0.06,-0.51,0.55,-0.34,-0.26,-0.46,0.73,-0.92,-0.85,-0.04,-0.73,-0.83,-0.43,0.72,0.99,-0.04,-0.64,0.11,-0.87,-0.4,0.44,0.51,0.59,-0.86,-0.23,0.96,0.6,0.94,0.05,-0.29,0.95,-0.5,-0.04,0.06,0.57,-0.53,0.71,-0.35,
0.44,-0.99,0.64,-0.53,0.61,-0.99,0.28,-0.4,-0.4,-0.23,-0.22,-0.95,-0.78,0.24,-0.92,-0.56,-0.96,0.3,-0.28,0.7,-0.98,0.9,0.41,0.7,-0.46,0.55,0.73,-0.36,0.11,0.72,-0.95,0.7,-0.12,-0.17,-0.93,-0.22,0.93,0.15,-0.57,-0.72,0.84,0.96,-0.43,-0.71,-0.09,-0.76,-0.71,-0.16,0.61,0.24,
-0.48,0.64,-0.82,0.28,0.75,-0.1,-0.23,-0.89,0.18,0.64,0.85,0.6,0.35,-0.82,-0.15,0.66,0.59,0.4,0.23,-0.53,0.91,0.65,0.3,0.66,0.94,-0.94,-0.56,-0.93,0.19,0.9,-0.04,0.62,0.78,0.6,0.21,-0.92,0.04,-0.22,-0.78,0.93,0.87,0.09,0.63,0.57,0.94,-0.68,0.83,0.69,0.88,-0.51,
0.04,0.73,-0.3,-0.3,0.24,-0.96,0.72,0.21,-0.43,-0.25,0.33,-0.74,0.36,-0.87,-0.02,0.68,0.97,0.82,0.27,-0.46,-0.18,-0.77,-0.49,0.63,-0.23,0.21,-0.79,-0.79,0.59,-0.86,0.92,-0.54,-0.7,0.88,0.84,-0.13,0.25,0.23,-0.07,0.48,0.86,-0.18,-0.05,0.37,0.45,-0.15,-0.17,0.32,-0.13,0.21,
-0.78,0.86,0.14,-0.17,-0.54,0.18,-0.93,0.02,-0.03,-0.05,-0.41,-0.09,0.2,-0.66,0.18,0.1,-0.88,-0.28,-0.79,0.82,-0.47,-0.02,0.03,-0.95,0.11,0.77,-0.17,0.85,0.33,0.14,-0.84,-0.81,-0.34,0.87,0.4,-0.7,-0.7,-0.37,0.85,-0.34,-0.55,0.2,-0.39,0.29,-0.85,-0.86,-0.35,0.05,0.07,0.94,
-0.64,-0.64,-0.95,0.68,-0.03,-0.64,-0.82,0.81,0.1,0.95,-0.66,0.81,-0.14,0.86,-0.15,0.44,-0.82,0.92,-0.19,-0.55,0.55,-0.31,0.95,-0.68,-0.97,-0.76,-0.57,-0.92,0.49,-0.38,-0.39,0.64,-0.1,0.8,-0.07,0.92,-0.3,-0.77,-0.97,0.22,-0.5,0.61,-0.37,0.54,-0.49,-0.13,0.43,0.61,-0.34,0.29,
-0.29,-0.91,-0.87,-0.83,0.12,-0.87,0.99,0.12,-0.4,-0.26,0.64,0.57,-0.59,-0.93,-0.61,0.43,0.8,-0.43,0.43,0.33,0.52,0.94,-0.05,-0.96,0.91,0.86,-0.87,-0.91,0.75,0.83,-0.62,-0.28,-0.35,-0.43,0.04,0.72,0.1,0.93,0.52,0.6,0.15,0.96,-0.8,0.17,-0.77,-0.42,-0.33,-0.39,0.95,-0.17,
0.16,-0.44,0.29,-0.72,0.01,-0.88,0.43,0.58,0.9,0.54,-0.38,-0.99,-0.79,0.58,-0.54,0.91,-0.5,-0.52,-0.95,-0.89,-0.31,0.77,0.12,0.8,0.11,-0.44,0.21,-0.71,-0.05,-0.3,-0.51,0.51,0.74,-0.06,-0.93,0.04,-0.07,0.77,-0.98,0.1,0.49,-0.52,-0.8,0.83,-0.7,-0.4,0.27,0.39,0.97,-0.57,
0.88,-0.8,-0.76,0.39,0.46,-0.64,-0.56,-0.24,0.56,0.12,0.69,-0.91,0.83,-0.64,-0.17,0.44,0.3,-0.21,-0.79,-0.42,0.1,0.12,0.05,-0.31,0.76,0.77,-0.81,-0.84,0.4,0.55,0.99,-0.22,0.24,0.79,0.84,0.26,0.7,0.95,-0.57,-0.02,-0.73,-0.88,-0.58,-0.12,-0.08,-0.26,0.57,-0.14,-0.83,0.2,
0.74,-0.43,0.63,-0.7,0.24,-0.22,0.3,0.44,-0.33,0.38,-0.56,-0.75,0.3,0.6,-0.47,-0.68,0.89,0.54,0.27,0.54,0.79,0.94,-0.33,-0.6,0.63,0.53,-0.03,-0.02,0.95,0.83,-0.07,0.07,-0.27,0.72,-0.82,-0.45,-0.47,-0.38,0.55,-0.49,0.9,-0.24,-0.12,-0.39,-0.87,0.15,-0.78,0.96,-0.29,0.43,
-0.82,0.36,0.42,-0.4,0.59,0.56,-0.9,-0.47,0.42,-0.01,0.08,0.25,-0.07,-0.67,0,0.08,-0.81,-0.24,-0.8,0.56,-0.33,0.15,-0.32,-0.88,0.11,0.01,0.83,-0.47,0.83,0.01,0.66,0.8,-0.65,-0.07,-0.97,-0.61,0.49,-0.67,-0.67,0.4,0.94,0.65,-0.74,-0.86,-0.42,-0.35,-0.27,0.04,-0.95,0.4,
0.05,0.83,0.21,0.27,0.81,-0.32,-0.9,-0.17,0.62,0.11,-0.35,0.57,0.06,-0.42,-0.43,0.69,0.14,-0.31,0.65,0.18,0.75,-0.63,-0.55,-0.19,-0.4,0.79,-0.65,-0.49,0.74,-0.26,-0.99,0.59,-0.32,0.21,-0.22,0.59,0.05,-0.34,0.05,0.02,-0.15,0.37,-0.64,-0.16,-0.09,-0.59,0.24,0.41,-0.24,0,
-0.6,0.71,0.79,0.7,0.13,-0.47,0.7,0.96,0.13,0.84,-0.47,-0.04,0.26,-0.31,-0.47,-0.68,-0.59,0.95,0.21,0.66,0.06,0.83,0.68,0.07,-0.61,0.77,0.85,-0.75,0.01,0.44,-0.93,-0.95,-0.86,-0.03,0.59,-0.67,-0.65,0.24,0.64,-0.68,0.56,0.35,0.89,-0.8,-0.47,-0.93,0.17,0.64,0.55,-0.4,
-0.65,-0.66,0.84,-0.87,0.47,0.09,0.23,0.48,-0.15,0.45,0.08,-0.25,0.08,0.44,0.66,-0.54,0.54,0.23,-0.22,-0.41,-0.34,-0.27,0.31,0.84,-0.38,0,0.18,0.64,-0.66,-0.77,-0.96,0.61,-0.76,0,-0.03,0.04,0.02,0.9,0.12,0.17,-0.15,0.07,0.2,-0.08,-0.09,-0.72,0.85,0.81,0.4,0.44,
0.28,-0.48,0.16,-0.79,0.5,-0.08,-0.84,-0.44,-0.6,0.32,-0.39,0.28,-0.89,0.14,0.61,-0.3,-0.7,-1,-0.35,-0.53,-0.32,0.17,-0.17,-0.15,-0.26,0.17,0.25,-0.09,0.34,0.71,0.57,-0.69,0.61,-0.38,0.38,-0.31,0.99,-0.03,0.31,-0.82,-0.64,0.28,-0.29,-0.78,0.44,-0.84,-0.48,-0.54,-0.14,-0.62,
0.16,-0.68,-0.66,-0.41,-0.31,-0.76,0.29,0.98,0.52,-0.49,-0.54,0.38,-0.23,0.94,-0.5,0.05,-0.64,0.61,-0.65,-0.18,-0.53,-0.2,-0.27,-0.69,0.18,-0.34,0.09,0.06,0.71,0.41,-0.34,-0.51,0.83,-0.51,0.84,-0.05,-0.63,-0.64,0.34,0.09,-0.3,-0.55,-0.99,-0.27,0.72,0.75,0.87,-0.06,0.3,0.61,
0.57,0.4,0.08,0.08,-0.85,-0.18,-0.96,-0.56,0.83,-1,-0.8,0.3,-0.11,0.62,0.15,-0.1,-0.93,0.3,0.45,-0.27,-0.03,-0.08,0.89,-0.67,-0.54,0.21,0.78,-0.45,0.87,-0.96,0.89,-0.8,0.39,0.13,0.22,-0.64,-0.84,-0.85,0.83,0.56,-0.75,0.31,0.37,0.99,-0.96,-0.37,0.34,0.62,-0.06,0.71,
-0.49,-0.78,0.13,-0.89,-0.29,0.26,0.41,-0.04,0.99,-0.82,-0.74,-0.64,0.31,-0.24,-0.07,-0.52,0.61,0.05,0.14,0.28,-0.11,-0.11,-0.76,0.38,-0.43,-0.02,0.79,-0.98,-0.83,-0.34,0.82,-0.9,-0.9,0.72,-0.61,0.6,-0.1,-0.46,0.83,-0.36,-0.97,0.84,0.7,0.88,0.58,0.51,-0.24,-0.91,-0.03,0.54,
-0.55,-0.88,0.05,-0.47,-0.13,-0.95,0.48,0.48,0.73,-0.41,-0.07,-0.5,0.1,-0.53,-0.23,-0.16,-0.82,-0.39,-0.28,0.03,-0.88,-0.99,0.91,0.77,0.05,0.18,-0.16,-0.78,-0.52,-0.63,-0.97,0.29,-0.66,-0.8,-0.7,-0.94,0.88,0.33,-0.91,0.41,0.7,0.36,-0.36,-0.82,0.27,0.63,0.74,0.87,0.54,-0.35,
-0.44,-0.58,0.07,-0.1,0.61,0.88,0.11,0.46,0.43,0.85,0.44,-0.17,0.81,-0.88,0.6,0.35,0.46,0.97,0.43,0.6,-0.26,-0.95,0.48,0.71,0.56,-0.74,-0.44,0.82,-0.8,0.48,-0.59,-0.15,-0.02,-0.05,0.89,0.31,0.14,0.14,-0.07,-0.46,-0.87,0.91,0.41,-0.24,-0.99,-0.8,-0.03,0.97,-0.16,-0.74,
-0.91,0.77,-0.94,-0.96,0.68,0.24,-0.6,-0.51,0.94,-0.3,0.99,0.02,-0.71,0.6,-0.62,0.74,-0.83,0.32,0.79,0.55,0.78,-0.16,0.92,-0.9,-0.78,0.9,0.97,-0.59,0.06,0.11,0.24,0.8,0.86,-0.87,-0.63,0.05,-0.43,-0.83,-0.97,0.85,-0.23,0.09,-0.37,-0.44,0.58,-0.1,-0.4,-0.94,0.28,0.82,
-0.82,-0.21,0.84,0.07,0.59,0.28,-0.88,0.79,-0.65,0.31,0.41,-0.25,-0.42,0.65,0.77,-0.22,-0.05,-0.87,0.24,0.72,-0.85,-0.84,0.84,-0.1,-0.72,-0.17,-0.39,0.08,-0.96,0.44,0.3,0.11,0.29,0.58,-0.16,0.24,-0.26,-0.1,0.74,0.06,-0.83,0.86,0.78,-0.8,0.34,-0.25,-0.05,-0.41,-0.23,0.68,
-0.56,-0.32,0.95,0.43,0.32,-0.15,0.1,-0.69,0.94,-0.32,-0.14,0.57,-0.62,0.3,-0.61,0.35,-0.2,-0.06,-0.2,-0.76,0.49,0.48,0.05,0.33,0.53,-0.37,-0.92,-0.77,-0.4,0.56,0.41,0.14,0.75,0.78,0.11,0.89,-0.2,-0.93,0.58,0.48,-0.32,-0.08,0.06,-0.33,0.09,-0.72,0.08,0.87,-0.72,-0.27,
-0.97,0.77,-0.51,0.92,-0.34,0.41,-0.44,-0.78,-0.43,-0.59,-0.7,-0.18,-0.2,0.63,-0.31,0.73,0.79,0.96,-0.71,-0.85,-0.18,-0.82,0.56,-0.4,-0.84,-0.18,0.74,0.03,0.59,0.3,-0.92,0.1,-0.82,-0.45,0.93,0.34,-0.4,0.46,0.38,0.44,-0.29,-0.2,0.44,0.88,-0.14,-0.02,0.04,0.49,0.99,-0.42,
0.86,-0.86,0.63,0.28,0.85,0.79,-0.19,0,0.06,-0.98,0.54,0.16,-0.1,-0.49,-0.86,-0.92,0.41,-0.13,0.5,0.88,-0.63,0.65,-0.09,0.82,-0.28,0.79,0.52,-0.27,-0.55,-0.34,-0.17,-0.43,-0.04,0.86,0.14,-0.29,0.72,-0.11,0.47,0.03,-0.2,-0.86,0.48,-0.03,-0.95,-0.98,0.97,-0.87,-0.69,0.38,
0.3,-0.25,-0.5,-0.78,-0.94,0.37,0.67,-0.71,0.64,-0.22,-0.86,-0.87,-0.69,-0.05,0.5,0.25,0.41,-0.93,-0.4,0.18,0.11,0.25,-0.83,0.38,-0.71,-0.68,0.03,-0.01,-0.44,0.98,0,0.19,0.27,-0.46,-0.68,-0.58,0.18,-0.42,0.48,0.32,0.48,0.7,0.63,-0.31,-0.81,0.56,0.09,-0.29,0.58,0.68,
-0.18,0.63,-0.46,0.88,-0.56,-0.46,-0.47,0.15,0.28,-0.31,0.59,-0.57,0.67,0.42,0.66,-0.94,0.59,0.85,0.49,-0.91,-0.53,0.2,-0.46,-0.56,-0.4,0.79,0.12,0.86,0.09,-0.3,-0.65,0.54,-0.39,0.43,0.35,0,0.94,-0.82,0.08,0.76,-0.18,0.04,0.94,0.47,-0.78,-0.04,-0.95,-0.49,0.37,0,
-0.99,0.42,-0.98,-0.93,0.72,0.02,0.36,-0.87,0.16,0.75,-0.07,0.88,0.5,0,-0.21,-0.26,-0.03,-0.77,-0.57,0.35,0.79,-0.84,0.86,0.56,0.62,0.68,0.93,0.8,0.65,-0.55,0.56,-0.98,0.24,0.28,-0.09,-0.17,-0.15,0.1,0.75,-0.95,0.29,-0.95,-0.54,0.28,0.74,-0.52,-0.63,-0.31,0.02,0.71,
0.02,0.16,-0.84,0.7,-0.09,-0.26,-0.55,0.76,0.53,-0.58,-0.62,-0.56,-0.68,-0.01,-0.8,-0.75,0.3,-0.49,0.13,0.41,0.22,-0.49,-0.79,-0.58,0.59,-0.89,-0.89,0.08,0.69,-0.7,-0.79,0.46,0.32,0.86,0.72,-0.52,-0.34,-0.03,-0.87,0,-0.54,0.71,0.76,0.12,0.42,-0.04,0.71,0.43,-0.52,0.92,
0.03,-0.65,0.45,-0.63,-0.82,-0.93,-0.03,0.64,0.33,0.93,-0.09,0.28,-0.87,-0.66,0.24,-0.53,-0.37,-0.44,-0.9,0.29,0.44,-0.16,0.91,0.02,-0.32,0.44,0.82,0.2,-0.92,0.47,-0.55,-0.03,-0.59,0.04,-0.33,0.17,0.26,0.71,0,-0.73,-0.25,0.5,0.46,-0.12,0.84,-0.56,0.19,0.81,0.7,-0.24,
-0.91,-0.97,0.04,-0.37,0.81,0.48,-0.68,-0.23,-0.61,-0.33,0.79,-0.47,0.92,-0.3,-0.94,0.96,0.05,-0.66,-0.65,-0.36,-0.53,-0.11,0.75,-0.31,0.03,0.36,0.89,0.99,0.24,0.16,0.07,0.54,-0.61,0.1,0.72,-0.77,0.83,-0.01,-0.14,-0.53,0.61,-0.11,-0.88,0.64,0.05,0.59,-0.54,-0.06,-0.02,0.65,
-0.2,-0.4,-0.42,0.08,-0.36,-0.64,0.86,-0.77,0.64,0.17,-0.72,-0.82,0.56,0.78,-0.63,0.06,-0.57,-0.66,-0.3,-0.07,0.8,-0.38,-0.14,-0.97,0.87,0.06,-0.26,0.57,-0.59,0.19,0.75,0.41,0.48,-0.04,-0.06,0.99,-0.21,-0.56,-0.9,-0.38,-0.71,-0.72,-0.13,-0.27,-0.4,-0.62,-0.73,-0.29,-0.05,-0.75,
-0.75,-0.9,0.64,-0.03,-0.97,0.2,-0.04,-0.47,0.92,0.35,0.68,-0.37,0.91,-0.74,-0.91,0.88,-0.41,0.75,0.14,0.89,-0.21,-0.4,0.2,-0.47,-0.32,-0.59,0.62,0.24,-0.76,-0.14,-0.45,0.72,0.37,-0.92,-0.47,0.7,-0.65,0.77,-0.17,0.02,-0.7,-0.22,0.69,0.5,0.23,0.81,-0.86,0.76,0.6,-0.94,
0.7,0.35,-0.42,0.85,-0.78,-0.68,-0.57,-0.76,0.76,0.98,-0.63,-0.14,0.31,-0.58,0.34,-0.75,0.27,0.59,-0.8,0.4,0.4,-0.31,-0.34,0.77,0.57,-0.88,-0.25,0.89,0.95,-0.48,-0.54,-0.33,0.75,-0.82,-0.65,-0.63,0.65,0.89,-0.38,-0.92,0.09,-0.42,0.93,-0.92,0.15,-0.79,0.19,-0.24,-0.35,0.21,
0.58,0.71,-0.24,-0.1,0.16,0.04,-0.96,-0.52,-0.3,-0.02,0.68,0.27,-0.24,0.1,0.94,0.09,0.85,-0.59,0.98,0.72,-0.9,0.52,0.69,-0.27,0.17,-0.89,-0.21,-0.57,-0.64,0.22,0.81,0.12,0.06,-0.38,0.77,-0.48,-0.95,-0.89,-0.45,-0.72,-0.07,-0.48,0.97,-0.02,0.47,0.36,0.53,-0.19,-0.55,0.48,
0.21,-0.88,-0.82,-0.35,-0.72,0.78,0.85,0.51,-0.21,-0.63,-0.29,-0.34,-0.5,0.55,0.44,-0.72,-0.16,0,0.33,-0.73,-0.56,0.9,0.83,-0.8,0.3,-0.15,0.63,-0.12,-0.54,-0.86,-0.61,0.42,-0.21,-0.06,-0.8,0.62,-0.06,0.51,0.32,0.48,0.88,0.79,0.81,-0.08,0.84,0.16,0.75,0.81,-0.14,0.95,
0.71,-0.77,0.81,0.11,0.73,-0.99,-0.04,0.92,-0.97,-0.46,0.99,-0.8,0.18,-1,0.02,-0.1,0.92,0.39,-0.29,0.34,-0.14,0.15,0.24,0.33,-0.67,0.6,-0.77,-0.75,-0.04,0.29,-0.15,0.5,0.68,0.51,0.68,0.02,0.82,0.55,0.73,-0.25,-0.8,-0.97,-0.3,-0.81,0.86,0.93,-1,-0.76,0.19,-0.96,
-0.37,-0.6,-0.36,0.23,-0.76,-0.18,-0.67,0.43,0.75,-0.49,-0.1,-0.91,-0.01,0.36,-0.57,-0.24,0.75,-0.87,-0.09,0.39,0.86,-0.23,0.41,-0.22,-0.51,0.94,-0.56,0.85,0,0.44,0.93,0.42,-0.62,-0.79,-0.26,-0.55,-0.6,0.32,-0.07,0.92,-0.19,-0.66,0.02,0.48,-0.69,-0.28,0.25,-0.64,-0.27,0.62,
-0.33,-0.68,-0.52,-0.69,0.99,0.35,-0.74,0.39,-0.88,0.05,0.45,-0.91,-0.55,-0.84,0,0.97,-0.89,-0.93,-0.95,0.05,-0.3,-0.64,0.79,0.82,0.63,0.06,-0.04,0.33,0.49,0.86,0.26,-0.62,-0.93,-0.17,0.81,0.53,0.37,0.43,-0.44,-0.56,-0.99,0.76,-0.75,0.08,-0.89,-0.34,-0.18,-0.45,-0.32,0.71,
-0.31,0.46,0.24,0.13,0.74,-0.62,-0.34,-0.97,-0.04,-0.2,0.24,0.87,-0.31,-0.35,-0.05,-0.74,0.95,0.79,-0.32,0.81,-0.73,0.74,0.48,-0.54,0.15,-0.9,0.09,0.49,0.82,-0.07,0.89,-0.43,0.3,-0.85,0.58,0.77,-0.97,-0.49,-0.09,0.2,0.1,0.61,-0.66,-0.83,0.36,0.71,-0.98,0.99,-0.92,0.33,
0.83,0.05,-0.09,0.6,-0.88,0.63,-0.29,0.04,-0.11,0.92,-0.67,-0.31,-0.23,0.43,-0.65,-0.69,0.81,0.24,-1,-0.94,-0.23,-0.68,-0.98,0.76,0.02,0.95,0.9,-0.8,-0.03,0.29,0.98,-0.78,-0.89,-0.81,-1,0.4,0.78,-1,0.97,0.37,-0.21,0.4,0,0.84,-0.4,0.43,-0.85,0.64,0.76,0.6,
0.35,0.57,0.52,-0.88,-0.8,-0.23,0.93,0.86,-0.37,0.79,-0.33,-0.91,0.48,-0.2,-0.76,-0.32,0.38,0.52,-0.47,0.56,0.81,-0.64,-0.52,0.11,-0.54,0.74,0.23,-0.76,-0.2,0,0.68,-0.93,0.74,0.6,-0.62,0.23,0.56,-0.61,-0.9,0.33,0.15,0.53,0.93,-0.46,0.3,-0.83,0.97,0.79,-0.11,-0.95,
-0.3,-0.36,0.59,0.52,0.71,0.39,-0.7,-0.22,-0.26,0.55,-0.07,0.84,0.88,0.61,0.51,0.77,-0.24,-0.39,-0.1,-0.13,0.7,0.56,-0.57,0.82,0.47,0.12,0.27,0.06,-0.49,-0.11,0.01,0.79,0.17,0.47,0.15,-0.78,-0.03,0.35,0.18,0.7,-0.2,-0.05,-0.38,0.44,0.09,0.64,0.29,-0.3,-0.63,0.78,
-0.54,0.01,-0.12,-0.77,0.73,-0.9,0.2,-0.76,0.09,-0.66,0.77,-0.24,-0.46,0.86,-0.59,0.57,0.85,0.34,-0.82,-0.48,0.33,-0.04,-0.38,0.32,0.47,-0.73,-0.57,0.7,0.39,-0.6,0.43,-0.73,0.68,-0.51,-0.07,0.43,-0.02,0.49,-1,-0.39,-0.41,-0.57,-0.92,0.02,0.65,0.14,-0.89,0.74,-0.83,-0.68,
-0.39,-0.75,-0.66,0.05,-0.97,-0.82,0.56,0.71,0.41,-0.9,-0.21,-0.77,0.78,0.51,0.13,0.15,0.2,0.39,-0.9,0.82,0.96,0.51,-0.91,0.95,0.51,-0.29,0.44,-0.18,-0.1,0.75,-0.56,-0.57,-0.33,-0.7,-0.85,-0.87,-0.28,0.3,0.77,-0.38,-0.33,0.97,-0.24,-0.73,-0.85,0.91,0.19,0.7,-0.58,-0.89,
0.34,-0.7,0.4,-0.78,-0.61,-0.96,-0.13,0.65,-1,-0.17,0.27,-0.37,-0.2,0.85,0.79,-0.08,0.31,-0.24,0.33,-0.25,-0.82,0.41,-0.45,-0.5,-0.42,-0.08,0.5,0.45,-0.57,0.76,-0.89,-0.28,0.24,0.5,-0.77,-0.73,0.82,0.72,-0.29,0.78,0.82,0.1,-0.67,-0.3,-0.46,0.92,0.18,-0.91,-0.62,0.17,
