0.39,-0.59,-0.9,-0.79,-0.21,-0.74,0.23,0.36,-0.39,-0.59,0.01,-1,0.93,0.64,0.85,-0.42,-0.38,-0.43,0.49,0.1,0.45,0.15,-0.69,0,-0.17,0.19,0.91,0.91,0.57,-0.52,0.75,0.68,-0.77,-0.05,-0.37,-0.87,0.69,0.43,-0.64,-0.4,0.1,0.04,0.21,0.55,-0.46,0.86,
0.29,0.3,0.95,-0.16,0.23,-0.17,-0.14,0.34,-0.93,0.92,0.46,0.24,-0.59,0.18,-0.02,-0.72,0.16,-0.19,0.03,-0.42,-1,-0.83,0.96,-0.83,-0.86,0.79,-0.07,0.57,-0.49,-0.18,-0.55,0.34,0.64,-0.05,-0.92,0.12,0.38,0.83,0.12,0.45,-0.62,0.96,0.24,0.23,-0.14,0.19,
-0.31,0.78,0.35,-0.64,-0.81,0.68,0.34,-0.78,-0.28,0.36,-0.5,0.81,0.31,0.19,-0.16,0.65,0.76,-0.91,0.07,-0.02,0.01,-0.97,-0.11,-0.6,0.84,0.89,-0.75,-0.37,0.43,0.79,-0.15,0.27,-0.2,0.4,0.47,-0.44,-0.41,-0.18,-0.52,-0.3,0.73,-0.41,-0.12,-0.81,-0.7,0.67,
-0.8,0.65,-0.47,-0.48,0.97,-0.27,-0.82,-0.22,-0.84,-1,-0.4,0.78,-0.73,-0.9,-0.79,-0.23,0.43,-0.36,-0.98,0.85,0.18,0.58,-0.37,0.12,0.35,-0.92,-0.57,-0.48,0.35,-0.96,-0.2,-0.71,0.3,-0.11,0.82,-0.96,-0.33,-0.78,-0.77,-0.27,-0.36,0.51,-0.3,-0.76,-0.74,-0.89,
-0.16,-0.75,-0.65,-0.43,0.07,0.92,0.77,-0.79,0.83,0.22,-0.74,0.65,-0.1,-0.91,-0.84,0.76,-0.21,0.53,-0.05,0.21,-0.67,-0.88,-0.64,0.37,-0.71,0.79,0.53,-0.41,-0.32,-0.53,-0.7,0.08,-0.54,-0.53,0.46,0.47,0,0.06,0.39,-0.47,0.24,-0.05,0.62,0.79,-0.1,-0.97,
0.86,-0.6,-0.15,-0.57,-0.98,0.26,0.44,-0.09,0.53,-0.27,-0.74,0.74,-0.58,-0.3,-0.2,0.98,0.36,0.97,-0.03,0.19,0,-0.48,0.47,-0.53,-0.56,-0.78,0,0.37,0.9,-0.63,0.47,0.7,-0.14,0.55,0.28,-0.17,0.8,0.75,-0.18,-0.76,-0.82,-0.22,0.59,0.2,0.32,-0.92,
0.29,0.03,-0.68,0.4,-0.85,-0.6,-0.04,0.02,0.85,0.99,-0.06,0.61,-0.51,-0.3,-0.37,-0.36,-0.3,-0.14,0.15,-0.51,0.62,0.84,0.96,0.56,-0.86,-0.64,0.26,-0.68,-0.47,-0.98,0.98,0.03,0.03,0.52,0.97,-0.41,0.91,-0.73,-0.29,-0.59,0.82,0.53,0.74,-0.07,-0.83,0.03,
-0.55,0.34,0.61,-0.38,-0.66,-0.25,-0.82,0.71,-0.41,0.66,0.1,-0.85,-0.07,-0.92,-0.18,0.88,-0.11,-0.95,-0.1,-0.9,-1,0.05,-0.36,0.2,-0.28,-0.48,0.71,0.35,0.67,0.38,-0.62,-0.33,0.03,0.34,0.57,0.79,0.55,-0.2,0.76,-0.08,-0.11,0.8,-0.99,0.93,-0.04,-0.63,
0.68,-0.62,-0.4,0.37,-0.27,-0.24,-1,-0.77,-0.08,-0.61,-0.8,0.67,-0.86,0.75,-0.93,0.45,0.58,0.8,-0.86,0.92,0.95,0.9,0.49,-0.6,-0.64,0.15,0.73,0.18,0.83,-0.02,0.99,0.51,0.5,-0.77,-0.92,0,0.74,-0.12,0.82,-0.8,0.46,-0.36,-0.26,0.62,0.13,0.38,
-0.78,-0.43,-0.25,-0.92,0.93,0.17,-0.59,0.8,-0.19,-0.41,0.74,0.92,0.76,-0.56,-0.44,-0.03,-0.43,-0.62,0.47,0.77,-0.63,0.08,0.44,0.48,0.54,-0.04,0.46,-0.09,0.71,0.58,0.94,0.6,0.97,-0.9,0,-0.91,-0.99,-0.4,-0.35,-0.6,-0.3,0.7,-0.78,-0.02,0.05,0.03,
0.48,-0.05,0.19,-0.49,-0.67,0.14,-0.1,0.56,-0.68,-0.99,0.47,-0.17,-0.72,0.67,-0.13,0.86,0.55,-0.2,0.4,0.72,0.61,0.25,0.65,-0.47,0.3,-0.67,0.25,0.32,-0.8,-0.42,0.37,-0.86,-0.81,0.32,-0.11,-0.62,-0.77,-0.65,-0.12,-0.91,-0.48,0.91,-0.83,-0.3,0.44,0.65,
0.01,0.58,0.23,0.4,-0.82,0.36,-0.34,-0.15,-0.06,-0.27,-0.65,0.18,0.49,-0.98,-0.36,0.52,0.59,0.78,0.66,0.2,0.26,-0.63,-0.15,0.63,-0.46,0.17,-0.47,0.34,-0.23,0.44,-0.37,0.41,0.73,-0.74,-0.11,-0.82,0.2,0.57,0.42,0.36,0,-0.29,-0.54,-0.68,0.99,0.95,
0.62,0.8,0.32,0.05,0.47,-0.97,0.82,0.86,0.71,0.08,0.89,-0.93,0.15,-0.86,-0.69,0.86,0.99,0.03,-0.68,0.27,0.83,0.95,-0.39,-0.48,-0.37,-0.84,0.02,-0.21,-0.1,0.11,-0.42,-0.45,0.7,0.26,-0.44,0.17,-0.81,0.32,-0.66,0.16,0.45,-0.72,0.32,-0.85,0.51,-0.14,
0.74,0.7,-0.83,0.46,0.5,-0.95,-0.08,0.91,-0.9,-0.32,-0.79,-0.57,-0.39,-0.91,-0.69,-0.73,-0.69,0.9,-0.35,0.65,0.06,0.82,-0.93,-0.08,0.14,-0.8,-0.45,0.09,0,0.9,0.03,0.75,0.23,-0.66,0.34,-0.12,-0.61,0.46,0.76,0.26,-0.69,0.41,0.18,-0.74,0.44,-0.86,
-0.07,0.56,0.18,0.69,0.97,0.87,-0.02,0.78,0.01,-0.25,0.81,-0.52,0.97,0.81,-0.87,0.95,-0.15,-0.59,-0.47,-0.9,-0.88,-0.05,-0.83,0.2,0.55,-0.77,-0.25,-0.93,0.79,-0.39,0.28,-0.71,0.72,0.77,-0.3,0.51,-0.93,-0.62,0.21,-0.73,0.91,0.37,0.48,0.54,-0.81,0,
0.98,0.98,0.03,0.48,0.65,-0.44,-0.71,-0.76,-0.21,-0.62,-0.47,-0.57,0.18,0.31,-0.96,-0.72,-0.4,-0.37,-0.4,0.4,-1,0.6,-0.52,-0.85,-0.93,-0.35,0.95,0.1,-0.14,0.46,-0.18,0.08,0.59,0.2,0.35,-0.36,-0.17,-0.06,-0.21,0.15,0.91,-0.08,-0.46,-0.82,0.62,0.68,
-0.51,-0.06,0.97,0.39,-0.87,0.63,-0.57,-0.15,-0.45,-0.63,0.23,0.38,-0.65,-0.1,-0.08,0.27,0.28,0.31,-0.59,0.52,-0.49,-0.08,0.18,-0.24,0.08,-0.37,0.94,-0.49,-0.86,0.8,-0.72,-0.3,0.47,-0.87,0.38,-0.43,-0.45,0.67,0.92,-0.31,0.47,-0.9,0.18,0.04,-0.38,0.8,
-0.14,-0.35,0.51,-0.17,-0.4,-0.3,-0.39,-0.26,-0.21,0.76,0.06,0.18,0.35,-0.74,0.5,-0.99,0.34,-0.14,-0.52,0.59,-0.16,0.29,-0.58,-0.21,-0.7,-0.44,0.9,0.56,-0.92,0.3,-0.73,0.17,-0.57,-0.12,0.25,0.3,-0.61,0.23,0,0.84,0.57,-0.64,-0.17,-0.22,-0.62,-0.9,
-0.56,0.85,0.52,0.91,0.54,0.57,-0.17,0.48,-0.37,-0.07,0.98,-0.86,0.99,-0.8,0.52,-0.67,0.16,-0.55,0.64,-0.15,-0.24,0.93,0.47,0.74,-0.92,0.03,-0.6,-0.12,-0.06,-0.36,-0.99,0.05,-0.19,-0.57,0.78,0.53,0.11,-0.46,-0.14,0.45,-0.32,-0.61,0.6,0.76,0.42,-0.34,
0.5,-0.64,-0.92,0.72,-0.92,-0.61,-0.26,0.11,-0.12,-0.69,0.85,-0.22,0.06,-0.74,0.47,-0.48,0.89,0.93,0.1,-0.12,0.31,-0.95,-0.83,-0.48,-0.14,0.68,0.47,-0.14,0.39,0.66,0.94,-0.22,-0.57,-0.25,0.19,-0.19,-0.76,-0.7,-0.91,-0.22,0.73,-0.54,0.03,0.99,0.53,0.08,
0.62,-0.34,-0.15,-0.66,-0.91,0.36,0.87,0.06,0.51,0.01,-0.18,-0.58,0.14,0.38,-0.2,-0.94,0.57,0.6,-0.53,0.35,-0.03,0.58,-0.17,-0.02,0.52,0.72,-0.74,0.16,0.94,0.2,0.41,-0.47,-0.57,-0.11,-0.29,0.62,-0.72,0.71,-0.17,0.44,0.76,-0.25,-0.17,-0.3,0.55,-0.65,
-0.46,0.78,-0.94,0.67,-0.51,-0.94,-0.14,0.85,-0.5,-0.88,-0.78,-0.42,-0.28,-0.52,-0.42,-0.01,0.83,0.74,0.1,-0.81,0.39,0.95,-0.23,-0.83,0.79,0.68,0.02,0.32,0.36,0.32,-0.48,-0.12,-0.14,0.93,0.02,-0.23,-0.9,0.94,0.66,-0.09,-0.88,-0.32,0.89,-0.76,-0.85,0.31,
0.27,0.66,-0.13,-0.23,0.31,0.42,0.22,-0.39,0.34,-0.35,0.54,-0.11,-0.76,0.85,0.3,-0.47,-0.13,-0.89,-0.05,0.87,0.55,0.52,0.69,0.15,0.14,0.32,0.46,-0.76,-0.64,0.74,-0.38,-0.73,-0.67,-0.83,0.48,0.32,-0.42,-0.01,-0.72,-0.38,0.1,-0.24,-0.51,-0.89,0.82,-0.03,
0.29,0.04,0.07,0.86,0.22,-0.03,0.9,-0.6,0.35,0.28,-0.28,0.08,0.88,-0.34,0.63,-0.01,0.98,0.14,-0.27,0.9,0.19,0.71,0.55,-0.18,0.68,-0.84,-0.55,-0.5,-0.37,-0.3,0.68,0.9,-0.32,0.01,0.92,0.34,0.34,-0.18,-0.85,-0.53,-0.08,-0.59,-0.19,-0.18,-0.03,-0.59,
0.86,0.45,-0.21,-0.2,0.73,0.87,-0.21,0.85,-0.93,0.7,0.67,-0.82,0.15,0.55,0.81,-0.09,-0.78,0.66,-0.08,-0.64,-0.14,0.11,-0.8,-0.69,-0.13,-0.4,0.99,0.34,0.5,0.27,-0.11,0.26,0.37,0.1,0.68,0.88,0.98,0.86,-0.71,-0.06,-0.24,-0.39,0.84,0.73,0.27,0.27,
-0.49,-0.99,-1,-0.82,0.84,-0.86,0,0.08,-0.4,-0.7,0.08,-0.14,0.2,-0.6,0.17,0.79,-0.62,-0.77,0.28,-0.89,0.05,0.18,0.41,0.93,0.28,0.46,-0.25,-0.59,0.56,-0.68,0.87,0.73,-0.6,-0.19,-0.93,0.22,0.37,-0.82,-0.56,0.91,0.57,-0.43,0.03,-0.78,-0.35,-0.7,
-0.44,0.5,0.41,0.34,-0.76,-0.12,-0.33,0.9,0.92,0.92,0.93,0.18,-0.31,-0.85,-0.73,-0.41,0.67,-0.93,0.08,0.45,0.61,-0.22,0.82,0.77,-0.38,-0.78,0.76,0.2,-0.59,-0.16,0.75,-0.12,-0.31,0.52,-0.11,-0.17,0.99,-0.4,0.42,-0.96,0.45,-0.99,-0.05,-0.51,-0.68,0.75,
-0.56,0.58,-0.99,0.39,-0.28,-0.65,0.67,0.33,0.28,0.62,0.92,0.06,0.32,0.85,-0.59,-0.28,0.09,0.11,-0.38,-0.36,0.92,0.25,0.5,0.77,-0.11,-0.27,-0.77,0.71,-0.32,-0.97,-0.06,-0.36,0.35,-0.5,0.62,0.22,0.4,-0.13,-0.58,0.61,-0.14,0.57,-0.25,0.79,-0.98,-0.46,
0.02,-0.27,0.92,-0.26,-0.98,-0.92,-0.82,-0.24,-0.14,0.65,0.09,-0.47,-0.19,-0.07,0.97,0.09,-0.7,0.16,0.97,0.98,-0.5,-0.24,0.43,-0.72,0.2,0.84,0.13,-0.1,0.83,0.85,0.22,-0.85,0.78,-0.03,0.95,0.61,-0.44,-0.3,-0.04,-0.84,0.97,0.77,-0.91,0.1,-0.91,0.28,
0.96,-0.79,-0.04,0.45,0.02,-0.57,-0.35,-0.12,0.7,0.86,-0.82,-0.89,0.69,-0.98,0.89,-0.01,0.79,0.86,0.32,-0.3,0.24,-0.64,-0.74,-0.25,0.78,-0.18,0.25,0.81,-0.94,0.26,-0.06,0.72,-0.99,0.26,-0.33,0.92,-0.03,-0.29,-0.92,-0.13,-0.31,0.13,-0.99,-0.27,0.89,-0.88,
-0.73,0.07,0.89,0.53,-0.88,-0.27,-0.01,-0.24,0.43,0.19,0.03,-0.92,0.24,-0.67,0.87,0.56,-0.44,-0.11,0.71,0.33,-0.99,0.45,0.35,0.8,0.09,-0.98,-0.61,-0.43,0.48,0.88,0.18,-0.84,-0.66,-0.45,-0.75,0.55,-0.83,0.06,-0.9,-1,-0.61,-0.35,0.04,-0.07,-0.64,-0.56,
0.85,0.37,0.11,0.5,0.23,-0.16,-0.67,0.48,0.44,0.46,-0.98,-0.69,0.44,0.95,0.22,0.54,-0.97,-0.13,0.79,-1,-0.85,-0.03,0.25,-0.12,0.18,-0.59,0.78,0.47,-0.96,-0.78,0.8,0.44,0.68,0.16,0.47,-0.71,-0.67,0.78,-0.81,-0.36,-0.09,-0.45,-0.87,-0.22,0.69,0.99,
-0.95,0.33,-0.63,-0.2,-0.4,0.65,-0.54,0.46,0.99,-0.71,-0.67,-0.94,-0.12,-0.97,0.16,-0.15,-0.4,0.79,-0.53,0.49,-0.56,0.32,0.32,-0.52,0.27,-0.22,0.52,0.09,-0.6,-0.19,0.54,-0.33,-0.8,0.95,-0.49,-0.09,-0.21,0.44,0.27,-0.06,-0.85,0.19,0.31,0.51,-0.67,-0.26,
0.43,-0.75,-0.09,-0.14,0.75,0.08,-0.82,0.72,0.4,0.49,0.09,0.59,0.44,0.15,-0.9,-0.86,-0.34,-0.75,-0.53,0.73,0.18,-0.03,-0.33,0.35,0.61,-0.71,0.34,-0.61,0,0.08,-0.62,0.68,-0.86,-0.49,0.79,-0.12,0.43,-0.26,-0.14,0.64,-0.26,-0.67,0.01,0.29,0.55,0.62,
-0.18,0.91,0.62,-0.36,0.1,0.78,0.82,-0.51,0.2,-0.64,0.73,0.36,0.62,-0.79,0.31,0.9,-0.39,0.32,-0.19,-0.66,0.71,-0.41,0.52,0.74,0.26,-0.06,-0.3,0.16,0.84,0.96,0.84,0.85,-0.5,-0.74,0.21,-0.67,-0.83,0.16,-0.02,0.15,0.33,-0.15,-0.89,0.58,-0.4,0.84,
0.28,0.16,-0.69,0.52,-0.13,-0.3,-0.33,-0.39,-0.59,0.76,-0.17,-0.52,-0.13,-0.93,0.24,-0.74,0.36,0.6,0.37,0.36,-0.84,-0.89,0.92,-0.27,-0.42,0.35,-0.96,0.54,-0.18,0.03,0.64,-0.98,0.64,-0.78,-0.31,0.78,-0.03,0.83,0.15,0.44,-0.41,-0.67,0.02,-0.8,-0.22,-0.91,
-0.66,-0.35,0.54,0.76,0.35,0.76,-0.94,-0.3,0.39,-0.1,-0.68,0.34,-0.4,-0.15,0.14,-0.96,-0.01,-0.35,-0.45,-0.15,0.33,-0.01,0.34,0.98,-0.88,0.06,-0.06,0.68,-0.39,0.68,-0.81,-0.82,0.47,-0.18,0.59,0.35,0.64,0.72,0.8,0.78,0.46,-0.05,0.61,0.11,-0.07,-0.07,
0.64,0.24,0.35,-0.14,-0.76,-0.04,0.45,-0.57,-0.85,0.94,-0.32,-0.33,-0.27,0.89,-0.98,0.25,0.09,0.31,-0.95,0.65,0.1,0.84,-0.52,-0.18,0.46,-1,-0.47,0.36,0.6,-0.25,-0.37,-0.75,0.76,0.19,-0.74,0.29,0.68,-0.45,0.91,0.7,-0.57,0.48,0.8,0.73,0,0.13,
-0.01,0.22,-0.96,-0.33,0.06,-0.42,-0.92,0.76,0.39,-0.97,-0.29,-0.77,-0.23,0.8,0.87,-0.83,-0.73,-0.66,-0.15,0.1,0.06,0.46,0.9,-0.89,-0.75,-0.53,0.47,-0.02,-0.08,-0.54,0.84,-0.01,0.94,-0.35,0.85,-0.58,-0.43,0.21,-0.39,-0.83,0.57,-0.29,-0.88,0.35,0.52,0.81,
0.7,0.69,-0.93,-0.6,-0.16,0.76,0.29,-0.92,-0.97,-0.49,0.34,-0.24,-0.85,-0.22,0.97,0.04,-0.55,0.55,0.26,0.6,-0.08,0.69,0.85,-0.67,0.48,-0.82,-0.13,-0.78,0.52,-0.83,-0.36,0.45,0.82,-0.89,-0.08,0.7,0.57,0.57,0.26,0.41,0.9,-0.21,0.33,0.27,-0.78,-0.84,
0.33,-0.91,0.38,-0.34,0.99,0.84,-0.16,0.51,0.32,0.32,-0.38,0.71,-0.21,0.27,-0.72,-0.24,-0.57,-0.67,0.35,-1,0.38,-0.82,0.43,0.26,0.13,-0.13,-0.2,0.44,-0.92,-0.91,0.68,0.66,-0.38,-0.82,-0.36,0.27,-0.16,-0.83,-0.18,0.56,0.53,0.68,0.62,0.81,0.5,0.32,
-0.29,-0.84,0.07,0.24,-0.88,0.03,-0.34,0.82,-0.26,0.78,-0.11,0.43,0.37,-0.31,-0.94,-0.34,-0.86,0.14,-0.45,0.7,-0.05,0.46,0.51,0.07,-0.71,-0.2,-0.76,0.18,0.21,0.91,0.49,0.47,-0.66,0.02,0.18,-0.8,0.42,0.68,-0.42,-0.69,-0.61,-0.27,0.68,-0.39,0.36,0.58,
0.43,0.13,-0.6,-0.96,0.99,0.23,0.42,0.07,0.35,0.41,0.26,-0.88,0.29,0.73,-0.18,-0.35,0.22,0.57,-0.39,-0.07,0.58,0.03,0.56,-0.48,-0.64,0.33,0.18,-0.01,-0.55,0.44,0.57,-0.73,-0.01,-1,-0.46,-0.9,-1,-0.09,-0.39,-0.25,-0.96,-0.91,0.64,-0.29,-0.24,0.83,
0.98,-0.96,0.83,0.46,0.19,0.09,0.86,0.83,-0.69,-0.42,0.82,-0.68,-0.54,0.37,-1,-0.18,-0.42,0.01,0.54,0.49,0.82,0.02,0.77,0.39,-0.87,-0.43,0.9,0.33,-0.76,0.7,-0.19,0.78,0.25,0.91,-0.9,0.37,0.69,0.35,0.14,-0.5,-0.22,-0.34,0.78,0.68,0.84,-0.34,
0.93,-0.83,0.64,-0.49,-0.16,-0.51,-0.17,0.75,-0.34,0.87,0.98,0.42,-0.38,0.46,0.46,0.16,-0.52,-0.53,0.98,0.86,0.49,0.88,-0.1,0.46,-0.3,-0.51,-0.1,-0.31,-0.93,0.24,0.15,0.91,-0.67,-0.86,0.82,-0.38,0.7,-0.4,0.31,-0.46,-0.18,0.07,0.27,-0.75,0.46,0.44,
0.93,-0.55,0.93,-0.06,-0.11,-0.38,0.43,0.61,-0.41,0.82,0.25,0.79,-0.73,0.38,0.48,0.49,0.84,0.43,-0.22,0.53,-0.14,0.24,-0.5,-0.87,-0.38,-0.42,0.95,0.23,-0.51,-0.82,-0.25,-0.06,0.18,-0.79,-0.16,-0.21,-0.2,-0.66,-0.68,0.21,-0.97,-0.57,-0.91,-0.74,0.92,0.53,
-0.17,0.63,-0.13,-0.82,0.37,0.06,-0.72,-0.53,-0.31,0.74,-0.31,-0.65,-0.8,0.46,0.88,-0.27,0.78,-0.62,-0.68,-0.63,-0.99,-0.18,-0.44,-0.38,0.6,-0.64,0.47,-0.42,0.94,-0.72,0.29,-0.57,0.87,-0.78,-0.85,-0.28,-0.02,0.6,-0.67,-0.21,0,-0.55,0.36,0.93,-0.78,-0.59,
-0.94,0.91,0.81,-0.54,0.04,-0.88,0.45,0.66,0.16,0.22,0.99,-0.9,-0.34,0.14,0.34,-0.26,-0.76,0.1,0.08,-0.14,-0.2,-0.42,0.7,0.56,0.33,0.14,0.17,-0.33,0.02,-0.95,-0.21,0.28,0.78,0.15,-0.87,0.99,0.25,0.94,-0.42,-0.48,0.94,-0.37,-0.79,-0.5,-0.03,0,
0.34,-0.88,-0.66,0.73,0.18,-0.5,0.55,0.51,0.03,0.27,0.67,0.94,-0.1,-0.52,-0.68,0.02,0.2,0.43,-0.54,0.33,-0.01,0.77,0.12,0.28,-0.94,-0.56,-0.02,0.8,-0.34,0.01,-1,0.9,0.14,0.7,0.94,0.57,-0.03,0.47,0.68,-0.05,-0.97,0.82,0.84,0.03,-0.75,0,
0.82,-0.23,-0.75,0.1,-0.01,-0.54,0.98,0.95,-0.27,-0.15,0.31,0.34,0.49,-0.18,0.02,-0.56,0.58,0.3,0.78,-0.33,0.74,0.36,0.49,0.46,0.02,-0.09,-0.8,-0.72,0.35,0.03,0.24,-0.94,-0.06,-0.84,0.55,0.72,-0.04,0.65,0.65,0.43,0.03,0.29,0.95,-0.34,-0.65,0.52,
-0.67,-0.39,-0.88,0.2,0.11,-0.27,-0.78,-0.39,-0.17,0.16,0.02,-0.98,-0.08,-0.84,0.49,-0.64,-0.42,0.84,-0.25,0.05,-0.16,0.94,-0.3,0.46,-0.74,-0.25,-0.42,0.57,0.73,-0.29,0.23,-0.78,0.95,-0.6,0.61,-0.78,0.11,-0.9,-0.41,-0.08,0.69,-0.64,0.36,-0.8,-0.66,0.21,
0.29,-0.79,-0.42,-0.12,-0.17,-0.44,-0.62,0.6,0.96,0.57,0,0.2,-0.16,-0.44,-0.12,0.02,0.5,0.64,-0.8,0.03,0.26,-0.7,0.96,-0.77,0.81,-0.62,0.12,-0.51,0.23,-0.02,-0.23,0.04,-0.16,0.55,-0.06,0.11,0.03,0.71,-0.45,-0.94,-0.09,0.11,-0.25,-0.94,-0.18,-0.9,
0.5,0.28,0.63,-0.65,-0.23,0.44,0.54,-0.36,0.64,0.76,0.55,-0.5,0.84,-0.98,-0.85,-0.5,-0.61,-0.87,-0.7,-0.87,0.97,-0.88,0.42,-0.8,0.29,0.88,-0.26,-0.69,-0.61,0.33,-0.53,0.32,-0.54,0.38,-0.17,0.3,-0.72,-0.08,-0.86,0.38,0.29,0.16,0.26,-0.76,0.86,-0.2,
0.17,-0.13,-0.85,-0.2,0.58,-0.17,-0.69,-0.75,-0.67,-0.01,0.62,-0.19,0.46,-0.78,-0.92,-0.96,0.28,-0.4,-0.52,0.11,-0.63,-0.75,0.39,0.79,-0.98,-0.38,0.22,0.81,0.09,0.69,-0.8,0.39,0.57,0.1,-0.15,0.61,0.65,-0.06,-0.72,0.48,-0.69,-0.7,-0.24,0.51,-0.25,-0.73,
0.66,0.25,-1,0.65,-0.88,-0.22,-0.74,-0.59,-0.28,0.09,0.01,0.08,0.18,0.93,0.29,-0.32,0.52,-0.33,-0.46,-0.11,0.77,0.27,-0.1,0.24,0.16,-0.45,0.85,0.99,0.74,-0.24,-0.96,-0.94,-0.67,-0.3,-0.71,0.08,0.7,-0.14,-0.75,0.77,0.57,0.86,0.19,0.38,-0.85,0.61,
-0.83,-0.11,0.17,0.59,0.21,-0.21,-0.65,0.39,-0.54,-0.05,-0.77,-0.84,-0.38,-0.15,-0.92,0.29,-0.46,-0.37,0.21,0.52,0.36,0.47,0.78,-0.6,-0.48,-0.91,0.21,0.85,-0.42,-0.5,0.88,0.81,-0.54,0.05,-0.58,0.13,0.57,-0.27,-0.81,-0.23,0.84,-0.61,-0.22,0.76,0.27,-0.03,
0.46,-0.71,0.84,-0.21,-0.22,-0.81,0.68,-0.99,-0.32,0.96,0.28,0.94,0.23,-0.81,0.71,-0.01,0.97,0.32,0.28,0.71,0.29,0.59,0.55,-0.15,0.38,-0.95,-0.67,-0.01,-0.29,-0.86,0.96,0.38,-0.96,0.86,-0.09,-0.87,0.2,0.9,-0.71,0.18,-0.43,0.3,0.19,0.63,0.57,0.37,
0.09,0.34,0.14,-0.12,0.82,0.51,-0.27,0.7,0.31,-0.39,-0.86,-0.89,0.6,0.31,0.95,0.48,-0.88,0.04,-0.54,-0.38,0.18,0.7,-0.76,-0.81,0.13,0.07,0.75,0.69,0.29,-0.4,-0.86,0.52,0.74,-0.35,0.63,-0.69,0.36,0.9,-0.66,-0.5,0.88,-0.59,-0.44,0.98,-0.93,0.03,
-0.57,-0.04,0.75,0.55,-0.44,0.71,0.78,0.96,-0.32,-0.36,0.05,0.03,-0.61,0.31,0.01,-0.23,0.5,-0.09,-0.06,0.35,0.52,0.06,0.6,-0.94,0.08,0.1,0.26,-0.77,0.85,-0.04,0.55,0.92,0.01,-0.17,0.43,-0.88,0.3,-0.53,0.58,0.89,-0.7,-0.14,-0.2,0.07,0.78,0.5,
0.24,-0.53,0.89,-0.91,-0.78,-0.23,-0.66,-0.27,-0.09,0.7,-0.13,-0.04,-0.33,0.06,-0.29,0.11,-0.38,0.57,-0.41,0.65,0.62,-0.1,0.8,-0.9,0.24,-0.47,-0.16,0.49,0.72,-0.23,-0.3,0.15,0.58,-0.19,-0.17,-0.67,0.02,-0.79,-0.21,0.8,0.16,-0.45,0.63,-0.78,0.52,-0.21,
-0.96,-0.88,-0.44,-0.38,0.39,0.74,0.04,0.66,0.34,-0.3,-0.59,-0.98,-0.6,-0.47,-0.63,0.35,-0.23,-0.34,-0.66,0.4,-0.12,-0.4,0.33,0.9,-0.28,0.94,-0.11,-0.13,0.6,-0.59,0.52,0.27,0.82,0.82,0.76,0.24,0.27,0.73,-0.34,0.1,0.37,0.53,-0.13,0.02,0.05,-0.31,
0.56,-0.03,0.09,-0.34,0.6,-0.45,0.24,-0.42,0.4,0.36,0.17,-0.31,-0.26,-0.35,0.02,-0.59,0.92,-0.01,0.27,0.27,0.99,0.98,0.74,0.31,0.99,0.24,0.47,0.73,0.82,-0.12,0.82,-0.3,-0.67,-0.27,0.92,0.97,0.86,0.06,-0.6,0.31,0.38,0.08,-0.37,-0.89,0.44,0.01,
-0.54,0.82,-0.09,-0.65,0.02,-0.31,-0.23,-0.8,0.99,0.21,-0.2,0.68,-0.94,-0.36,-0.87,-0.51,-0.19,-1,0.31,0.37,0.01,-0.43,0.33,-0.79,0.22,0.82,-0.36,-0.19,-0.24,0.81,-0.25,-0.8,0.1,-0.77,-0.13,-0.63,-0.42,0.22,0.37,-0.3,-0.48,0.49,-0.55,-0.04,0.04,-0.57,
0.49,0.44,0.69,0.71,-0.97,-0.12,0.24,0.35,0,-0.99,-0.81,0.25,0.17,-0.77,-0.62,-0.09,0.86,-0.79,0.83,-0.7,-0.88,0.71,-0.39,0.47,-0.89,0.09,0.48,0.59,-0.15,-0.38,-0.17,-0.47,-0.38,0.49,0.5,0.67,-0.76,-0.77,-0.64,-0.61,-0.48,-0.07,-0.88,-0.3,-0.18,0.67,
0.48,0.08,-0.3,0.52,-0.82,0.05,0.23,0.96,0.58,0.63,0.4,-0.6,0.03,0.69,0.13,-0.9,-0.38,0.52,-0.37,-0.19,0.6,0.4,0.95,-0.71,0.91,0.29,-0.28,-0.75,-0.17,-0.34,0.03,-0.28,0.81,0.86,-0.06,-0.62,0.97,-0.51,0.64,-0.67,0.09,0.05,0.72,0.76,-0.71,0.93,
0.04,0.46,0.44,0.86,-0.28,0.38,0.99,0.45,0.08,0.94,-0.72,0.16,0.74,0.66,0.46,-0.99,0.15,-0.74,0.71,0.95,-0.33,-0.54,0.06,-0.95,-0.62,-0.03,0.94,0.32,0.62,-0.56,0.74,0.21,0.87,-0.6,-0.81,-0.8,0.54,0.3,-0.33,0.75,0.78,-0.38,0.63,-0.98,0.18,-0.01,
0.44,0.62,0.1,-0.54,-0.07,-0.04,-0.32,0.6,0.59,0.51,-0.26,0.32,0.41,-0.14,-0.61,0.16,0.14,-0.93,-0.82,0.55,-0.78,0.42,0.41,-0.59,0.96,0.58,-0.23,-0.58,0.01,-0.27,0.05,-0.84,0.56,0.75,0.38,0.38,0.07,-0.99,0.54,-0.63,0.74,0.65,-0.13,-0.9,0.26,-0.39,
0.06,-0.6,0.94,0.79,-0.97,0.48,0.69,-0.44,0.76,-0.3,-0.5,0.26,0.34,-0.31,0.92,-0.98,-0.93,0.9,0.92,0.34,-0.64,-0.19,0.89,0.73,-0.47,0.48,-0.38,-0.35,-0.46,0.64,0.74,-0.91,0.4,0.13,0.56,0.35,-0.83,-0.26,-0.4,0.54,-0.24,0.93,-0.38,-0.86,-0.63,0.76,
0.33,0.49,-0.29,-0.97,-0.73,0.04,-0.29,0.36,0.95,0.66,-0.96,0.73,-0.29,0.37,-0.93,0.21,-0.09,0,0.25,-0.3,0.77,-0.27,0.14,-0.23,0.11,0.79,-0.35,-0.02,0.9,0.28,-0.03,-0.83,-0.24,-0.43,0.86,0.86,-0.31,0.89,-0.03,-0.99,0.01,-0.5,-0.53,-0.91,0.45,-0.63,
-0.99,0.05,0.02,-0.79,-0.8,-0.37,0.62,0.31,-0.85,-0.31,0.86,0.64,-0.95,-0.5,0.64,0.06,-0.17,-0.5,0.18,0.6,-0.21,-0.92,0.26,0.88,-0.42,0.31,-0.73,-0.82,0.04,0.9,-0.72,0.91,-0.47,-0.31,-0.2,0.79,-0.11,-0.79,-0.15,0.47,-0.77,-0.81,0.33,-0.07,-0.65,0.92,
-0.22,-0.71,-0.82,0.23,0.37,0.44,-0.13,-0.45,-0.3,-0.85,0.23,-0.22,-0.87,-0.54,0.64,0.03,-0.36,-0.71,0.62,0.88,0.43,-0.93,0.74,0.83,-0.48,0.62,-0.97,0.26,-0.52,-0.94,0.69,0.48,0.9,-0.91,-0.13,-0.9,-0.69,0.78,0.54,-0.78,-0.63,-0.24,-0.48,0.87,-0.89,0.34,
-0.06,0.05,-0.39,-0.51,0.6,-0.61,0.97,-0.83,0.52,0.33,0.33,0.91,0.46,0.51,0.08,0.91,-0.76,0.51,-0.74,-0.7,0.3,-0.83,0.42,0.9,-0.05,0.5,-0.33,-0.8,0.96,-0.99,0.58,0.29,0,-0.3,-0.73,0.21,-0.67,0.88,0.92,0.77,0.14,0.36,-0.02,0.48,-0.39,0.48,
-0.93,0.91,-0.05,0.44,-0.24,0.79,-0.9,0.12,-1,0.23,0.34,0.57,0.28,-0.37,0.95,0.21,0.72,0.37,-0.38,0.49,-0.98,0.82,0.87,0.01,-0.02,0.42,-0.83,0.99,-0.5,0.51,0.88,0.99,0.54,-0.61,-0.85,0.19,0.63,0.13,-0.84,-0.15,-0.57,-0.57,-0.28,0.73,0.56,-0.07,
0.15,0.77,0.19,0.48,-0.31,-0.62,-0.1,-0.61,0.9,-0.99,-0.02,0.22,-1,0.06,0.89,-0.11,0.5,0.52,0.42,0.51,0.59,0.08,0.74,0.61,-0.41,0.94,-0.99,0.64,-0.87,0.74,0.84,0.98,-0.9,-0.73,0.17,0.39,-0.51,-0.58,0.32,0.42,-0.65,0.77,-0.77,0.07,-0.95,-0.1,
-0.18,0.54,-0.01,0.41,-0.91,-0.37,0.76,0.92,-0.69,-0.2,-0.25,0.9,0.77,0.27,-0.64,0.11,0.78,-0.27,0.92,0.27,-0.04,-0.94,0.69,-0.52,-0.7,-0.67,-0.67,0.4,-0.09,0.14,-0.2,0.57,0.95,0.06,-0.55,-0.28,0.81,0.99,0.21,0.63,-0.79,-0.91,0.94,-0.82,0.95,0.88,
-0.7,0.84,-0.97,-0.21,0.34,0.55,-0.62,0.64,0.74,0.85,-0.82,-0.99,-0.74,-0.98,-0.71,0.75,-0.5,-0.7,0.59,0.45,-0.51,0.37,0.61,0.34,-0.09,-0.81,0.28,0.15,-0.38,0.17,0.59,-0.09,0.86,-0.35,0.24,-0.84,0.95,-0.11,0.05,0.19,-0.21,-0.41,0.66,-0.7,0.07,0,
-0.15,0.77,0.47,0.38,-0.62,0.34,0.06,-0.06,-0.64,0.66,0.9,-0.9,0.36,-0.31,-0.45,-0.77,0.25,0.31,-0.91,0.47,0.71,0.88,0.61,-1,0.76,0.57,-0.23,0.92,0.08,-0.2,-0.7,-0.36,0.87,0.62,-0.26,-0.41,0.28,0.14,0.25,0.61,0.12,0.41,0.29,0.27,-0.71,-0.52,
-0.62,-0.35,-0.07,0.25,0.39,0.56,0.38,0.31,-0.63,0.21,0.79,-0.45,-0.37,-0.21,-0.26,0.11,0.07,-0.75,-0.21,0.2,0.12,-0.2,0.58,0.57,-0.87,0.85,0.72,0.96,-0.39,-0.26,-0.45,0.96,-0.65,-0.67,0.83,0.46,0.59,-0.93,-0.12,-0.8,0.93,-0.89,-0.11,0.09,-0.54,-0.35,
-0.34,-0.5,0.38,-0.32,0.53,0,0.81,-0.99,-0.46,-0.93,0.28,0.75,0.84,0.86,-0.59,0.64,-0.37,-0.03,0.57,-0.51,0.63,0.12,0.26,0.85,-0.87,0.36,0.17,-0.06,-0.32,0.66,0.7,-0.31,0.79,-0.66,0.13,-0.89,0.54,0.34,-0.29,-0.69,-0.59,0.12,0.58,-0.02,0.32,0.21,
