-0.15,-0.75,-0.57,-0.01,-0.45,0.77,-0.68,0.85,-0.57,-0.02,-0.24,0.05,-0.54,-0.36,-0.99,0.38,
0.39,0.57,0.53,0.59,-0.33,-0.77,0.19,0.62,-0.49,-0.61,0.44,0.24,0.02,0.08,-0.93,0.79,
-0.98,0.43,-0.1,-0.07,0.35,0.43,0.83,0.49,-0.71,-0.52,0.87,-0.56,0.73,0.04,-0.64,-0.43,
-0.81,-0.34,0.33,0.16,0.06,-0.69,0.22,0.99,-0.75,0.45,-0.95,0.74,-0.55,-0.27,-0.28,-0.43,
0.67,-0.16,0.96,0.99,0.83,0.22,0.78,0.09,0.77,-0.68,0.83,0.44,-0.13,-0.86,-0.39,0.67,
0.83,-0.18,0.92,-0.79,0.19,0.98,0.1,0.73,0.5,-0.92,-0.81,-0.22,0.16,-0.83,0.79,0.93,
0.25,0.13,0.93,0.45,-0.91,-0.91,0.2,-0.17,0.28,-0.84,0.84,-0.63,-0.07,-0.58,-0.72,0,
-0.68,-0.95,0.29,-0.03,0.28,0.1,0.45,0.88,-0.59,0.48,-0.75,-0.57,-0.5,0.95,0.6,0.24,
-0.74,0.56,-0.51,0.14,-0.15,0.15,0.3,-0.39,-0.67,-0.66,0.5,-0.55,-0.78,0.16,0.12,0.91,
0.73,0.31,-0.51,-0.43,-0.45,-0.62,-0.24,0.87,0.22,-0.87,-0.68,-0.3,0.76,0.43,-0.7,-0.42,
-0.28,-0.53,0.71,-0.5,-0.91,0.7,0.84,0.07,-0.08,-0.48,0.05,0.42,-0.98,-0.56,0.38,-0.11,
-0.06,-0.47,0.6,-0.96,-0.57,0.66,-0.61,-0.1,0.61,-0.8,0.2,-0.53,0.16,-0.55,-0.06,-0.9,
-0.62,0.77,-0.99,-0.81,0.75,0.49,0.46,0.26,0.78,0.36,-0.2,0.28,0.53,0.22,0.54,0.45,
0.63,-0.67,-0.62,-0.33,-0.63,-0.39,-0.1,-0.09,0.43,0.83,0.69,-0.47,0.93,-0.3,-0.28,-0.64,
0.81,0.06,-0.51,-0.26,-0.94,-0.56,-0.36,0.65,0.14,0.49,-0.24,0.64,-0.72,0.58,-0.76,0.2,
0.57,0.28,0.63,0.98,-0.96,0.09,-0.32,-0.49,-0.41,-0.53,0.3,-0.75,-0.8,-1,0.08,0.7,
0,0.93,0.64,-0.66,0.19,-0.37,0.05,0.78,0.96,0.87,-0.71,-0.35,-0.98,-0.92,-0.64,0.82,
0.63,-0.34,0.5,0.72,-0.92,0.42,-0.29,0.49,-0.87,-0.08,-0.39,-0.42,-0.29,0,-0.35,0.13,
0.71,-0.68,-0.02,-0.67,-0.44,-0.7,0.58,-0.42,0.36,0.46,-0.89,0.04,0.15,-0.19,-0.07,0.38,
0.49,0.04,0.21,-0.79,-0.59,-0.94,0.45,-0.69,-0.46,-0.69,-0.84,0.05,-0.83,-0.81,-0.75,0.8,
0.87,0.1,0.71,0.67,-0.72,-0.83,-0.68,-0.61,-0.13,0.85,0.66,0.45,0.04,-0.05,0.57,-0.96,
-0.72,-0.36,0.3,0.39,0.6,0.98,-0.41,-0.51,-0.23,-0.94,-0.08,-0.63,0.22,-0.49,0.54,-0.11,
0.78,-0.17,0.74,0.89,-0.68,0.12,-0.16,-0.03,-0.84,-0.34,-0.95,0.07,0.28,-0.4,0.7,-0.62,
-0.45,-0.32,0.38,-0.96,-0.56,0.66,0.01,-0.64,-0.82,-0.73,0.85,0.59,0.15,-0.22,-0.23,-0.36,
-0.73,0.75,-0.63,-0.57,0.34,-0.48,0.33,-0.52,-0.64,0.81,0.45,0.03,0.79,0.58,0.33,0.33,
0.98,0.7,0.04,-0.12,-0.62,0.34,0.42,0.92,-0.7,0,-0.05,0.91,-0.17,-0.42,-0.98,-0.58,
0.87,0.7,-0.14,0.92,0.89,0.23,0.78,0.14,-0.34,0.52,0.7,-0.32,0.78,0.59,-0.07,0.64,
0.38,-0.08,-0.7,-0.12,-0.88,0.51,-0.2,-0.72,-0.6,-0.65,-0.39,0.48,-0.26,0.05,-0.12,-0.37,
0.64,0.57,-0.42,0.65,0.17,0.58,0.06,-0.74,-0.58,-0.64,0.04,0.95,-0.32,0.49,-0.4,-0.28,
-0.02,-0.83,-0.5,0.55,-1,-0.29,0.93,0.61,0.2,0.03,-0.8,0.34,-0.99,-0.27,0.85,0.42,
0.01,-0.14,0.2,-0.27,0.99,-0.22,0.9,-0.78,0.08,-0.43,0.71,-0.33,-0.75,0.94,-0.44,-0.88,
-0.86,-0.03,0.01,-0.34,0.3,-0.6,-0.18,0.82,-0.45,0.76,-0.47,-0.53,0.67,-0.24,-0.41,0.67,
0.26,-0.94,-0.18,0.25,-0.9,0.45,0.9,-0.21,-0.11,0.36,-0.02,0.25,0.86,-0.23,-0.42,0.42,
0.67,0.47,0.27,0.25,-0.44,-0.2,-0.01,0.24,-0.24,0.26,0.01,-0.32,0.08,-0.67,-0.69,-0.64,
-0.6,-0.3,0.18,-0.2,0.18,0.77,0.86,-0.16,0.52,0.59,0.51,-0.67,0.82,-0.38,0.3,-0.06,
0.47,0.53,0.04,-0.81,0.32,-0.03,-0.48,-0.42,-0.13,0.52,0.51,0.12,0.84,0.52,0.09,-0.49,
-0.1,0.24,0.41,0.95,0.24,-0.63,0.46,-0.71,0.77,0.43,-0.04,-0.86,0.73,0.97,-0.44,-0.23,
-0.39,0.62,-0.52,0.33,0.02,0.45,0.32,-0.67,0.76,0.28,0.22,0.77,0.88,0.53,-0.47,0.24,
-0.96,-0.51,0.35,-0.54,-0.81,-0.64,-0.47,0.16,0.57,0.45,-0.94,0.81,0.11,0.77,0.4,0.71,
0.54,-0.14,-0.94,0.38,0.72,-0.02,-0.79,-0.99,-0.6,-0.14,0.33,-0.45,0.35,0.08,0.42,-0.28,
0.19,-0.06,-0.16,-0.68,-0.09,-0.6,0.48,0.82,-0.41,-0.57,0.21,0.01,0.81,0.8,-0.63,-0.69,
-0.8,-0.95,-0.97,-0.01,0.44,0.07,0.49,-0.43,-0.14,-0.76,0.13,-0.73,-0.26,0.37,0.46,-0.46,
-0.18,-0.98,-0.56,-0.19,0.57,-0.76,-0.77,-0.22,0.31,-0.45,-0.84,0.03,0.58,-0.3,-0.08,0.22,
-0.02,-0.36,0.27,0.35,-0.51,0.08,-0.31,-0.98,-0.65,0.75,-0.78,0.33,-0.56,-0.6,-0.21,0.04,
-0.79,0.16,0.74,-0.57,0.59,0.48,0.58,-0.74,0.66,0.64,0.41,0.38,-0.17,-0.47,-0.98,-0.56,
-0.32,0.73,0.38,0.91,0.44,0.17,-0.16,-0.89,0.17,0.71,-0.4,-0.32,0.81,0.69,-0.14,-0.73,
-0.91,0.5,-0.32,0.55,-0.96,0.88,-0.83,0.54,-0.65,-0.5,0.1,-0.53,-0.81,0.54,-0.88,0.07,
-0.73,0.09,-0.32,0.71,0.16,-0.3,0.24,-0.31,0.11,0.08,-0.73,0.2,0.49,0.56,-0.46,0.05,
-0.07,0.43,-0.08,-0.16,-0.75,-1,0.83,0.99,-0.5,-0.76,-0.88,0.97,-0.38,0.17,0.97,-0.02,
-0.54,-0.2,0.8,0.3,-0.55,-0.85,0.31,0.99,0.34,-0.17,0.94,-0.33,0.09,-0.82,-0.99,-0.42,
