0.54,0.97,-0.78,-0.2,0.42,0.06,0.59,-0.11,0.47,-0.21,-0.85,0.1,-0.15,-0.3,0.41,0.55,-0.2,0.54,-0.6,0.7,0.65,0.14,-0.29,
-0.14,0.09,0.38,0.7,-0.05,-0.39,-0.1,-0.76,0.04,-0.9,-0.1,0.62,0.09,0.59,-0.06,0.2,-0.11,-0.47,-0.13,0.38,0.99,0.07,0.95,
0.06,-0.37,0.74,0.34,-0.6,-0.73,0.38,-0.59,-0.22,0.38,-0.9,-0.98,-0.3,0.25,-0.16,0.07,0.2,-0.11,-0.76,-0.77,0.04,-0.96,0.23,
0.3,-0.52,-0.73,0.11,0.61,-0.34,0.07,-0.15,0.87,0.04,0.03,0.42,-0.38,0.51,0.06,-0.46,-0.88,-0.99,0.65,-0.82,0.43,0.3,0.47,
0.08,0.39,-0.62,-0.1,0.88,-0.49,0.77,0.73,0.69,0.75,-0.37,0.36,-0.12,0.24,0.49,-0.32,0.4,-0.32,0.27,-0.4,-0.85,0.2,0.4,
0.58,0.84,0.08,0.59,0.66,-0.38,-0.98,-0.69,0.2,0.4,0.13,-0.83,-0.55,0.81,-0.46,0.24,0.11,0.37,0.96,-0.79,-0.52,-0.59,-0.03,
0.56,0.68,-0.6,-0.27,-0.69,0.58,0.22,0.9,-0.06,0.21,0.05,0.84,-0.29,0.43,-0.7,0.78,-0.73,0.25,0.33,-0.31,0.28,0.92,-0.24,
0.45,0.36,-0.32,-0.55,-0.27,0.7,-0.65,0.53,0.58,-0.6,-0.2,0.84,0.11,0.05,-0.48,-0.53,-0.52,0.11,0.21,0.05,0.44,0.23,0.34,
-0.03,-0.37,-0.68,0.3,0.1,-0.76,-0.87,-0.24,-0.68,0.63,-0.77,-0.26,-0.9,-0.7,-0.69,-1,0.61,-0.15,-0.37,0,-0.8,0.76,0.71,
-0.6,-0.39,-0.4,0.42,0.68,-0.61,-0.32,-0.02,0.8,-0.69,-0.5,0.64,-0.13,0.04,-0.92,-0.93,0.77,0.06,0.4,-0.92,0.86,-0.02,-0.96,
-0.5,-0.43,0.28,-0.54,-0.57,0.4,0.01,-0.33,-0.54,0.84,0.64,-0.72,-0.49,0.24,-0.57,0.49,-0.24,0.93,-0.11,0.54,-0.99,-0.64,0.54,
-0.04,0.82,0.11,0.37,0.73,0.63,-0.24,-0.87,-0.9,-0.56,0.48,0.43,-0.61,-0.58,-0.68,-0.49,-0.36,0.87,-0.79,-0.23,0.43,0.17,0.73,
0.9,0.22,-0.59,-0.48,-0.77,-0.13,-0.39,0.36,0.73,-0.63,0.7,-0.39,-0.38,-0.15,0.76,-0.6,-0.01,-0.6,-0.06,-0.42,-0.86,-0.42,0.42,
-0.37,-0.95,0.6,0.76,0.19,-0.2,0.58,-0.62,0.89,-0.04,-0.64,-0.27,0.11,0.68,-0.42,-0.5,0.01,-0.83,-0.03,0.07,-0.47,0.36,-0.72,
0.19,0.89,0.07,-0.69,-0.22,0.39,-0.56,0.9,-0.3,0.38,-0.96,-0.1,-0.37,-0.46,0.08,-0.76,0.25,-0.1,-0.2,-0.82,0.16,-0.12,0.57,
-0.35,-0.45,0.29,0.09,-0.49,-0.75,-0.55,0.44,0.46,0.76,0.57,-0.39,0.98,0.1,-0.54,-0.42,-0.48,0.38,-0.83,0.28,0.34,0.99,0.7,
-0.1,0.17,0.07,0.58,-0.93,0.72,-0.5,-0.92,0.1,0.43,-0.56,-0.95,0.22,-0.8,-0.08,0.98,0.9,-0.84,-0.49,0.98,0.62,-0.31,0.01,
-0.63,-0.29,-0.81,0.38,-0.56,-1,-0.15,-0.69,0.78,-0.91,0.41,0.9,0.51,-0.88,0.14,-0.49,-0.69,0.38,0.13,-0.99,0.68,-0.05,-0.02,
-0.63,0.44,0.05,-0.95,0.6,-0.83,-0.82,0.49,-0.73,0.42,0.24,-0.01,-0.54,-0.81,0.48,-0.54,-0.27,-0.69,-0.26,-0.03,0.35,-0.47,-0.28,
-0.63,-0.36,-0.48,-0.59,0.61,0.26,-0.88,-0.87,-0.69,-0.1,-0.82,-0.26,0.46,0.03,0.74,0.4,-0.79,-0.05,-0.42,-0.2,0.56,-0.14,-0.07,
-0.23,-0.67,0.72,0.13,-0.15,-0.2,0.82,-0.98,0.39,0.48,0.27,-0.27,0.48,-0.3,-0.65,0.11,-0.01,0.39,0.48,0.58,-0.92,-0.71,-0.03,
-0.88,-0.83,-0.55,-0.17,0.53,-0.4,-0.13,-0.02,0.72,0.63,-0.62,-0.28,-0.84,-0.03,0.46,0.56,-0.15,-0.64,-0.69,0.85,0.96,0.07,-0.51,
0.92,-0.65,-0.82,-0.8,-0.96,0.06,-0.24,0.76,-0.64,0.01,0.12,-0.39,-0.7,-0.01,0.43,0.15,0.38,-0.54,0.25,0.02,-0.15,0.64,-0.78,
-0.2,0.27,-0.23,0.63,-0.53,0.75,0.26,0.25,-0.68,-0.23,0.98,-0.27,0.88,0.52,-0.29,-0.95,-0.65,0.37,-0.77,-0.74,-0.46,-0.92,0.35,
-0.02,-0.43,-0.22,-0.08,0.88,0.04,0.87,-0.48,0.01,0.93,-0.84,0.07,0.61,-0.65,0.35,-0.93,-0.33,-0.78,0.54,0.04,0.77,0.95,0.86,
-0.31,-0.24,0.8,0.93,-0.49,-0.29,0.19,0.21,0.75,-0.15,0.6,-0.62,0.09,0.83,0.09,-0.82,-0.51,0.26,0.25,0.28,0.91,0.74,0.47,
0.39,0.51,0.88,-0.92,0.99,0.79,-0.5,-0.93,-0.04,-0.17,0.29,-0.47,-0.5,0.77,-0.06,-0.03,-0.91,0.29,-0.13,-0.36,0.87,0.47,0.51,
-0.8,0.22,0.88,0.84,0.81,-0.86,-0.03,-0.43,-0.2,0.54,-0.95,-0.67,-0.52,0.41,0.33,-0.81,0.38,0.72,-0.33,0.63,0.18,0.34,0.76,
-0.13,0.38,0.05,0.82,0.45,0.05,-0.57,-0.24,0.72,-0.79,0.71,-0.26,-0.16,-0.12,-0.59,0.76,0.39,-0.59,-0.17,-0.09,0.06,0.25,0.22,
-0.04,0.17,-0.56,-0.95,-0.89,-0.02,0.01,0.88,-0.5,-0.49,0.09,0.11,-0.79,-0.1,0.8,-0.61,0.21,0.01,-0.92,-0.63,0.5,-0.74,-0.94,
0.95,0.42,0.88,0.82,0.28,0.59,0.66,-0.85,-1,0.86,0.19,-0.41,-0.18,0.4,-0.21,-0.4,-0.64,0.81,-0.1,-0.85,0.96,0.04,0.79,
-0.2,0.6,-0.42,-0.02,-0.78,-0.75,-0.05,-0.99,-0.12,0.07,-0.83,0.47,0.68,-0.12,0.38,-0.7,0.59,0.81,-0.96,0.06,0.61,0.25,-0.46,
-0.9,0.78,0.17,0.06,0.15,-0.58,0.93,-0.79,0.23,-0.07,-0.31,0.83,0,-0.54,-0.95,-0.8,-0.11,0.49,0.92,-0.5,-0.36,-0.94,0.63,
-0.81,-0.59,0.56,0.23,0.41,-0.3,0.09,-0.47,-0.51,-0.81,0.68,-0.43,-0.83,0.83,0.57,0.64,-0.31,-0.73,-0.32,0.81,0.12,-0.49,0.44,
0.79,-0.22,0.63,-0.71,0.8,-0.91,0.32,0.84,-0.51,-0.96,-0.37,0.02,-0.36,-0.93,0.38,0.04,-0.82,-0.72,0.84,0.01,0.91,0.22,-0.47,
-1,0.42,-0.84,-0.49,-0.88,-0.74,0.16,0.98,0.25,-0.51,0.25,0.19,-1,-0.14,-0.55,-0.53,0.66,0.46,0.23,0.54,-0.78,0.26,-0.36,
-0.86,0.61,-0.64,-0.35,-0.8,-0.19,0.43,-0.8,0.26,-0.4,-0.76,-0.38,0.46,0.97,0.15,0.48,0.34,0.08,-0.19,-0.51,-0.24,-0.37,0.02,
0.36,-0.84,0.29,-0.86,-0.5,0.92,-0.02,-0.24,0.61,-0.89,0.36,-0.41,0.02,-0.79,-0.32,0.45,0.92,0.78,0.68,0.05,-0.53,0.2,-0.45,
0.75,0.2,0.23,-0.79,-0.91,0.77,0.79,-0.91,0.4,0.36,-0.84,0.28,0.17,-0.77,0.13,0.81,-0.98,-0.66,0.13,0.01,0.36,0.16,-0.57,
-0.77,-0.15,0.11,0.92,0,0.12,0.78,0.75,0.15,0.84,0.6,-0.96,0.77,0.31,0.75,-0.73,-0.37,0.61,-0.38,0.34,0.96,-0.21,-0.81,
0.82,-0.24,0.04,0.71,0.11,0.37,0.13,0.23,0.68,0.29,0.31,-0.69,-0.43,-0.2,-0.61,0.69,0.64,-0.36,0.01,0.16,-0.11,0.27,0.1,
-0.59,-0.87,0.04,-0.97,0.46,0.31,0.07,-0.71,0.17,0.83,0.53,0.98,0.48,-0.94,-0.97,0.03,-0.58,-0.03,-0.97,0.64,0.6,0.72,0.41,
-0.55,-0.66,0.38,-0.13,0.66,0.55,0.31,0.03,-0.9,0.44,0.21,0.8,-0.73,0.39,0.75,-0.13,0.57,0.03,0.23,-0.57,0.16,-0.08,0.73,
-0.97,0.54,-0.73,0.6,-0.49,0.82,-0.72,-0.26,-0.41,0.54,0.89,0.99,0.27,-0.97,0.35,0.94,-0.83,0.91,-0.4,-0.46,0.95,0.05,0.15,
-0.27,0.36,-0.12,-0.05,0.7,0.71,-0.58,-0.48,0.57,0.54,-0.57,-0.32,0.41,-0.88,-0.98,0.85,0.06,-0.76,0.9,0.24,0.07,0.6,-0.16,
-0.38,0.41,-0.46,0.49,-0.72,-0.56,0.18,0.26,-0.36,-0.26,0.96,-0.21,-0.86,0.82,0.59,0.36,-0.72,-0.86,-0.85,0.12,-0.38,-0.84,0.15,
0.53,-0.67,0.25,-0.62,-0.91,-0.7,0.51,-0.5,-0.02,-0.03,0.17,0.49,-0.24,-0.02,-0.88,-0.88,0.6,-0.01,-0.99,-0.07,-0.84,0.56,-0.96,
0.21,-0.22,-0.56,-0.61,-0.42,0.39,0.37,-0.84,-0.1,0.45,-0.42,0.54,0.8,-0.01,-0.34,0.07,-0.7,0.79,0.19,0.69,-0.53,0.32,0.48,
0.02,0.65,0.29,-0.48,0.18,0.95,0.89,-0.19,0.11,-0.99,0.65,-0.96,0.69,0,0.31,-0.71,0.65,-0.12,-0.24,-0.64,0.94,0.39,-0.88,
-0.03,-0.94,0.55,-0.84,-0.66,0.22,-0.97,0.73,-0.33,-0.83,-0.34,0.67,-0.25,0.95,-0.88,-0.15,-0.8,-0.71,-0.62,0.39,-0.97,0.47,-0.64,
-0.05,-0.27,0.12,-0.39,0.52,-0.03,-0.79,-0.51,-0.64,0.23,-0.91,0.45,-0.9,-0.76,-0.6,-0.51,-0.77,-0.93,0.5,-0.42,-0.08,0.04,0.1,
0.06,0.19,0.1,-0.54,-0.04,-0.75,0.22,0.89,0.06,0.05,0.1,0.61,0.85,0.03,0.19,-0.18,0.6,0.55,-0.52,0.95,-0.19,0.11,-0.02,
-0.42,-0.35,0.7,-0.04,0.17,-0.15,-0.61,0.3,-0.85,-0.23,-0.87,-0.44,0.71,-0.29,-1,0.93,-0.11,-0.05,-0.68,0.16,-0.93,0.01,0.68,
-0.6,-0.34,-0.04,0.22,0.43,-0.63,0.38,0.85,-0.84,-0.44,-0.24,-0.29,-0.07,0.57,-0.16,-0.44,-0.34,0.03,0.71,0.5,-0.68,0.72,-0.8,
-0.14,0.04,-0.23,0.3,0.8,0.39,-0.97,-0.91,0.71,-0.9,-0.32,0.91,0.83,0.54,-0.7,-0.16,-0.54,-0.42,0.87,-0.19,-0.24,-0.68,-0.3,
0.49,-0.94,-0.92,0.42,0.82,-0.9,-0.86,-0.92,0.26,0.25,-0.05,-0.75,-0.81,0.17,0.95,-0.08,-0.65,0.52,-0.62,0.61,-0.05,0.55,0.91,
-0.37,0.2,0.6,-0.44,-0.25,0.28,-0.26,0.43,0.45,-0.89,0.07,0.72,-0.97,-0.55,-0.91,-0.8,0.6,0.33,-0.96,0.57,-0.86,-0.18,0.15,
-0.32,0.07,-0.63,0.99,-0.17,0.2,-1,-0.13,-0.29,-0.2,-0.63,-0.94,0.29,-0.45,-0.58,0.14,-0.65,-0.06,0.87,0.18,0.97,0.34,0.45,
-0.73,-0.68,-0.33,-0.51,-0.42,0.72,0.32,-0.84,-0.62,0.81,-0.93,0.02,-0.52,0.95,-0.34,0.76,-0.1,0.14,-0.2,0.23,0.11,0.18,0.36,
0.58,0.14,-0.89,-0.48,0.27,-0.13,-0.95,0.93,0.36,0.76,0.72,-0.74,-0.89,0.45,-0.98,0.38,-0.72,-0.78,0.27,-0.59,-0.93,-0.81,-0.64,
-0.45,0.05,-0.25,-0.93,-0.45,-0.73,0.89,-0.85,-0.7,0.24,0.24,0.85,0.48,0.1,-0.62,0.06,0.05,-0.71,0.36,-0.38,-0.08,0.47,-0.36,
0.36,0.68,-0.93,0.63,-0.66,-0.19,-0.06,-0.2,-0.37,-0.46,-0.17,0.88,0.44,0.9,-0.72,-0.69,0.64,0.6,0.65,0.59,-0.65,0.65,0.05,
-0.16,-0.71,0.77,-0.31,-0.17,-0.38,-0.58,-0.53,0.67,-0.23,-0.68,-0.53,-0.39,0.34,-0.78,0.66,0.51,0.8,0.03,-0.56,0.4,-0.49,0.57,
-0.38,-0.87,0.65,-0.46,0.52,0.31,0.47,-0.2,-0.54,-0.85,0.9,0.51,-0.82,0.94,-0.3,-0.56,-0.67,-0.14,-0.81,0.12,-0.06,-0.88,0.94,
0.53,-0.48,0.28,0.15,0.16,0.74,0.38,0.29,-0.8,-0.03,0.59,-0.99,-0.83,0.33,-0.13,0.03,0.57,-0.05,0.04,-0.07,-0.89,0.47,-0.57,
-0.15,-0.75,0.52,-0.63,0.04,-0.36,-0.32,0.13,-0.44,-0.83,0.14,0.63,-0.56,0.14,0.68,0.92,-0.9,-0.35,-0.38,0.09,0.14,0.61,-0.32,
0.73,-0.37,-0.81,0.08,0.43,-0.75,-0.86,-0.92,0.03,-0.9,-0.34,-0.87,-0.8,0.34,0.53,0.68,-0.1,0.9,-0.85,0.35,0.85,0.34,-0.4,
0.31,0.73,0.65,-0.93,-0.88,-0.13,0.58,0.33,-0.38,0.32,-0.15,0.78,-0.65,-0.95,0.63,-0.04,0.62,0.51,0.18,0.1,0.18,0.79,0.23,
-0.82,0.7,0.37,0.41,-0.26,-0.01,-0.92,0.7,-0.12,-0.86,0.21,-0.96,0.8,-0.32,-0.71,-0.22,-0.38,0.3,-0.24,-0.37,-0.24,0.9,-0.6,
-0.64,0.92,-0.84,0.21,-0.83,-0.46,-0.31,0.78,0.43,-0.64,-0.02,-0.88,-0.07,-0.57,-0.85,0.94,-0.76,0.42,0.45,-0.24,-0.31,0.77,-0.96,
-0.76,-0.27,-0.89,0.69,-0.23,0.67,-0.3,-0.87,0.22,0.21,0.19,0.54,-0.13,0.86,-0.83,-0.1,0.62,-0.8,-0.37,0.85,-0.23,0.26,0.3,
0.22,-0.47,-0.12,-0.61,0.32,-0.94,-0.59,0.81,0.67,-0.62,0.61,0.89,-0.5,0.12,0.63,-0.17,-0.62,-0.99,-0.07,-0.72,-0.27,0.52,-0.57,
-0.84,-0.96,-0.43,0.28,0.22,0.73,-0.81,-0.05,-0.7,-0.48,0.47,-0.26,0.71,0.28,-0.84,0.04,-1,0.22,0.92,-0.24,0.08,0.89,-0.81,
0.56,0.2,0.31,-0.85,0.35,-0.84,-0.88,0.15,0.7,-0.17,-0.41,-0.27,0.01,0.5,-0.11,-0.39,-0.43,-0.69,0.66,-0.81,0.09,-0.99,-0.72,
0.04,0.78,0,0.67,-0.13,-0.89,-0.77,-0.5,-0.29,0.21,0.84,0.16,-0.57,-0.78,-0.82,-0.73,-0.18,-0.43,-0.19,0.35,-1,0.53,0.86,
-0.02,-0.07,0.73,-0.85,0.19,0.56,-0.18,0.69,-0.59,-0.93,0.19,0.34,-0.07,0.69,0.42,-0.06,0.38,0.4,-0.96,-0.03,0.11,-0.8,-0.17,
-0.25,-0.22,0.16,-0.07,-0.42,0.69,-0.52,0.89,-0.21,0.14,-0.98,0.36,0.47,-0.05,0.36,0.62,0.89,-0.15,0.58,-0.14,-0.83,0.88,-0.6,
0.65,-0.74,0.4,0.95,-0.49,-0.25,0.98,-0.72,-0.7,0.07,0.42,-0.83,-0.91,0.91,-0.36,-0.29,-0.04,-0.79,0.6,0.4,0.49,0.58,-0.94,
-0.86,0.38,0.46,-0.74,0.87,0.44,-0.81,0.33,0.78,-0.04,-0.73,0.84,0.38,-0.85,-0.77,-0.12,0.62,0.99,-0.67,0.06,0.85,-0.32,0.12,
