0.08,0.23,0.27,-0.51,-0.08,-0.9,0.67,0.52,-0.82,-0.74,0.68,-0.24,0.32,0.83,-0.44,-0.22,-0.81,-0.06,0.68,0.92,0.1,0.28,0.54,0.08,0.36,-0.26,-0.47,0.28,0.27,-0.82,0.75,
0.52,-0.29,-0.64,-0.34,-0.63,-0.78,-0.7,-0.74,0.89,-0.11,0.68,0.1,0.14,0.19,-0.19,-0.88,-0.85,0.24,-0.86,0.62,-0.03,0.37,0.39,0.23,0.62,0.78,0.27,0.82,-0.96,-0.12,0.23,
0.89,0.64,-1,0.72,0.48,0.65,-0.25,-0.35,0.05,0.67,0.68,0.98,0.24,0.1,0.59,-0.01,-0.3,-0.76,0.59,0.03,0.51,-0.98,0.07,-0.43,-0.98,-0.34,0.36,0.92,-0.24,-0.9,-0.82,
-0.19,-0.23,0.47,-0.13,-0.27,-0.63,0.37,0,0.39,-0.09,0.82,-0.46,-0.96,0.46,0.85,0.16,0.34,0.34,0.12,0.96,-0.18,0.34,-0.01,0.63,0.05,-0.59,-0.73,-0.67,0.17,0.57,0.07,
0.96,-0.97,-0.14,0.42,-0.56,-0.32,-0.31,0.05,0.03,0.8,0.29,0.94,0.33,-0.1,0.54,0.38,0.91,-0.5,-0.65,-0.53,-0.17,0.91,0.51,0.96,-0.49,0.81,-0.2,-0.79,-0.21,-0.71,0.88,
-0.06,-0.6,-0.26,0.93,-0.88,-0.37,0.73,0.87,-0.7,-0.39,-0.16,0.87,-0.8,0.72,-0.2,0.93,-0.91,0.1,0.82,0.26,-0.39,-0.79,-0.46,-0.49,0.42,0.78,0.15,0.83,0.45,-0.67,0.86,
-0.29,0.23,-0.39,-0.86,0.98,-0.47,0.84,0.23,0.75,-0.85,0.18,-0.18,0.92,-0.57,0.87,-0.79,-0.74,-0.46,0.7,-0.96,0.18,0.79,-0.76,0.18,0.54,-0.35,0.52,0.39,-0.64,-0.71,0.35,
0.54,0.19,0.87,0.71,0.11,0.88,-0.11,-0.36,0.44,-0.74,-0.88,0.47,-0.21,-0.75,-0.28,-0.25,-0.58,0.79,0.06,0,0.86,-0.88,-0.12,0.25,-0.19,0.88,-0.97,0.81,-0.05,0.54,0.95,
0.06,0.26,0.47,0.88,0.46,-0.07,-0.89,0.69,0.73,-0.26,-0.96,0.82,0.54,0.48,-0.39,-0.9,-0.18,-0.05,0.24,0.4,-0.74,-0.91,0.35,-0.64,-0.31,-0.71,-0.45,0.42,0.37,0.9,0.03,
0.31,0.84,-0.86,0.16,-0.19,-0.02,-0.13,0.73,0.08,0.69,-0.9,0.16,0.32,-0.55,-0.7,0.65,0.21,0.05,-0.8,0.42,0.8,0.42,0.85,0.68,0.68,0.18,-0.33,0.34,0.77,0.24,0.99,
-0.25,-0.88,-0.1,-0.18,-0.11,-0.13,-0.65,0.26,0.99,-0.9,0.86,-1,-0.25,-0.54,0.22,0.04,-0.44,0.33,-0.12,0.05,0.85,-0.41,-0.3,-0.35,-0.13,0.87,-0.82,0.87,-0.61,0.81,-0.54,
-0.97,0.92,-0.86,0.92,0.13,-0.25,0.84,0.97,0.47,-0.56,0.8,-0.9,-0.88,0.36,-0.79,-0.41,0.21,0.83,0.35,0.92,-0.39,-0.88,0.2,-0.64,0.71,0.87,0.25,0.27,0.32,0.3,-0.28,
-0.61,0.86,0.23,0.05,-0.89,-0.87,0.21,-0.81,-0.76,0.87,-0.19,0.13,0.43,0.33,-0.08,-0.68,-0.45,-0.04,0.14,0.1,0.27,0.85,-0.76,0.55,-0.05,0.25,0.56,0.11,-0.77,0.68,0.05,
0.16,-0.61,-0.64,-0.29,0.5,0.45,-0.64,-0.88,-0.12,0.56,0.21,0.13,-0.67,-0.65,0.41,-0.54,-0.37,-0.22,-0.14,0.76,-0.66,0.82,-0.39,0.96,0.64,-0.3,0.52,0.08,-1,-0.03,-0.55,
-0.99,0.53,-0.21,-0.92,0.53,0.4,-0.56,0.59,0.8,-1,-0.02,-0.72,0.3,0.96,-0.15,-0.42,-0.93,0.79,0.27,0.15,0.85,0.48,0.34,-0.75,0.77,-0.4,0.47,-0.48,0.44,-0.92,-0.79,
0,0.01,0.01,-0.07,-0.04,-0.48,0.63,0.06,-0.86,-0.76,0.38,0.84,0.55,-0.56,0.15,0.41,0.01,0.59,0.54,0.72,-0.21,0.5,-0.81,-0.94,0.01,-0.77,-0.33,-0.87,-0.11,-0.41,0.83,
-0.82,-0.07,0.54,0.95,-0.9,0.62,-0.62,0.32,-0.87,-0.52,-0.11,0.66,0.2,-0.13,-0.36,0.66,-0.65,-0.62,0.25,0.43,0.08,-0.26,-0.61,-0.93,0.33,-0.35,0.97,0.19,-0.8,0.98,-0.65,
-0.7,0.94,-0.36,-0.41,-0.6,-0.69,-0.29,0.35,0.58,-0.72,0.67,0.9,0.25,0.04,0.44,0.5,-0.81,0.43,-0.8,0.37,0.43,-0.69,-0.33,0.71,-0.27,-0.95,-0.88,-0.33,-0.02,0.84,-0.47,
-0.2,0.17,-0.64,-0.56,-0.86,0.25,-0.81,0.27,-0.68,0.45,-0.06,-0.43,0.52,0.66,0.06,0.18,0.89,0.08,0.29,-0.11,0.33,0.32,0.73,0.63,0.95,-0.68,0.25,0.91,0.14,0.63,-0.43,
0.96,-0.41,-0.26,-0.2,-0.49,0.63,0.15,0.65,-0.99,0.69,0.57,0.73,-0.05,0.74,-0.11,0.56,0.68,0.26,0.92,0.37,-0.97,0.9,-0.71,0.27,0.7,-0.53,0,-0.23,0.06,0.22,0.14,
-0.12,-0.96,0.64,0.59,-0.21,0.87,0.55,0.22,0.35,0.03,0.45,0.23,0.76,0.77,0.93,0.35,-0.12,0.92,0.6,0.59,0.27,-0.57,0.99,-0.66,0.55,-0.04,-0.78,0.81,0.97,-0.23,-0.5,
0.36,0.23,-0.39,0.38,0.23,-0.69,0.09,-0.54,-0.68,0.2,0.43,0.85,-0.33,-0.05,0.5,-0.43,0.91,0.65,0.88,-0.48,-0.74,0.39,-0.91,0.82,-0.4,0.14,0.57,-0.28,0.16,0.01,-0.21,
0.31,-0.8,-0.25,0.18,-0.15,0.82,0.53,-0.43,-0.01,-0.21,-0.21,0.7,-0.68,-0.65,0.7,0.84,0.17,-0.11,0.15,-0.71,-0.18,-0.28,0.65,0.17,-0.57,-0.74,0.64,-0.68,-0.62,-0.68,0.89,
