-0.37,-0.68,-0.13,-0.56,0.6,0.26,-0.92,0.27,-0.73,-0.79,-0.19,-0.13,0.32,-0.15,0.16,0.84,
-0.59,-0.68,-0.33,-0.77,0.32,-0.34,-0.25,-0.9,-0.01,0.13,0.53,0.75,-0.21,0.1,-0.65,0.73,
-0.9,-0.19,0.14,-0.6,-0.56,-0.08,-0.38,0.37,-0.53,-0.27,-0.57,0.81,0.21,0.17,0.39,0.01,
0.15,0.77,-0.31,0.66,-0.44,-0.29,-0.24,-0.75,0.6,-0.98,-0.09,0.9,-0.3,0.93,0.35,-0.08,
-0.7,0.01,-0.71,-0.32,0.54,0.93,-0.3,0.6,-0.29,0.38,-0.85,0.57,-0.88,0.9,-0.94,-0.92,
-0.17,0.94,0.39,-0.35,0.47,-0.22,0.39,0.29,-0.87,0,0.55,-0.03,-0.31,-0.1,0.07,0.9,
-0.4,-0.96,0.6,-0.68,0,0.57,-0.54,0.14,-0.73,0.11,0.58,-0.45,-0.65,-0.99,-0.07,-0.26,
0.93,0.28,-0.07,-0.78,-0.47,0.14,-0.76,0.28,-0.19,-0.05,0.45,0.22,-0.06,0.76,-0.14,-0.27,
-0.08,-0.63,0.47,-0.98,0.28,-0.99,-0.36,0.68,-0.98,-0.99,0.11,-0.51,0.59,0.65,0.66,0.86,
-0.55,0.02,0.64,-0.93,-0.15,0.21,0.86,-0.13,0.74,-0.9,0.74,-0.44,-0.36,0.17,-0.28,-0.61,
-0.95,0.92,0.11,0.47,-0.77,0.65,-0.08,-0.57,0.98,0.19,-0.1,-0.88,-0.76,0.95,-0.09,0.75,
-0.06,-0.59,-0.77,0.23,0.33,-0.65,-0.59,-0.53,0.22,0.5,0.3,0.86,0.7,-0.7,0.94,-0.05,
0.29,0.02,0.47,-0.97,0.05,-0.52,0.29,0.05,0.73,-0.1,-0.77,0.52,-0.62,0.23,-0.08,0.63,
0.82,-0.16,0.9,0.37,-0.17,0.85,0.33,0.98,-0.22,0.86,0.47,0.7,-0.95,-0.71,0.38,-0.35,
0.82,-0.61,-0.36,0.7,0.97,0.71,-0.69,-0.33,0.36,-0.26,-0.13,-0.62,0.44,0.72,-0.45,-0.55,
-0.97,-0.95,0.29,-0.17,0.92,0.55,0.35,0.18,-0.58,0.35,0.39,0.27,-0.03,-0.82,-0.41,0.56,
0.33,-0.18,0.8,-0.19,0.24,0.82,-0.14,-0.34,0.5,-0.62,-0.35,0.4,0.6,0.58,-0.38,-0.95,
-0.3,-0.48,-0.51,0.28,0.24,0.84,0.81,0.25,-0.62,-0.48,0.61,0.77,0.82,0.88,-0.02,-0.74,
0.42,0.52,0.61,0.34,0.19,-0.84,0.42,-0.87,-0.67,0.27,-0.15,-0.73,0,0.86,-0.12,0.38,
0.51,-0.81,-0.31,-1,-0.94,-0.27,-0.98,-0.71,-0.91,-0.98,0.18,-0.28,-0.73,0.24,-0.03,0.78,
0.85,-0.91,0.83,0.95,-0.56,-0.99,-0.92,-0.97,0.51,0.24,-0.08,-0.64,-0.47,0.84,-0.62,0.58,
0.97,0.35,0.9,-0.01,0.44,-0.23,-0.49,-0.87,-0.15,0.21,-0.11,0.96,0.38,-0.66,0.91,-0.32,
0.25,0.88,0.64,0.9,-0.97,0.22,0.24,0.18,-0.02,-0.14,-0.31,0.97,-0.58,-0.93,0.43,0.6,
0.86,0.06,-0.81,0.85,0.04,-0.23,-0.5,0.17,-0.2,0.52,-0.34,0.65,-0.75,0.17,0.09,-0.04,
-0.89,-0.03,0.06,0.85,0.02,0.87,0.52,0.17,-0.2,-0.56,-0.2,-0.2,0.97,-0.36,0.31,-0.12,
0.4,-0.56,-0.56,0.22,-0.05,-0.92,0.42,0.56,-0.01,-0.84,-0.83,0.63,-0.35,-0.07,-0.58,0.82,
0.48,0.53,-0.84,0.07,0.47,0.95,-0.78,0.76,-0.74,-0.29,-0.3,0.48,-0.88,-0.1,-0.1,0.35,
0.08,-0.31,-0.35,-0.29,-0.07,0.35,-0.6,-0.32,-0.07,0.04,0.59,0.03,-0.27,-0.57,0.42,-0.06,
0.58,0.8,0.19,0.47,-0.8,-0.97,0.89,-0.45,0.83,-0.21,0.9,-0.35,-0.11,-0.22,-0.95,-0.57,
0.22,0.08,-0.73,-0.46,0.45,0.06,0.75,-0.32,0.76,-0.19,-0.49,-0.69,-0.97,-0.61,-0.43,-0.19,
-0.19,-0.59,-0.86,-0.33,0.67,-0.74,-0.3,0.62,-0.11,0.23,-0.6,0.26,0.62,0.08,-0.49,0.01,
0.33,0.93,-0.83,-1,0.01,-0.68,0.47,0.88,0.38,-0.1,-0.71,-0.4,0.41,-0.6,0.64,0.73,
0.83,-0.59,-0.23,0.22,0.73,-0.67,0.76,0.85,0.98,-0.73,-0.72,-0.71,-0.61,0.87,-0.64,0.17,
-0.85,-0.31,-0.65,0.98,-0.85,0.14,0.8,-0.56,0.97,-0.56,-0.22,0.35,0.45,-0.69,-0.7,0.55,
-0.22,-0.09,0.65,0.04,-0.07,-0.13,0.79,0.32,0.83,0.29,0.79,0.65,0.62,-0.89,0.61,0.48,
0.26,0.84,0.62,-0.62,-0.6,-0.61,0.31,0.65,0.19,-0.69,0.57,0.66,-0.23,0.56,-0.77,-0.8,
0.35,0.44,-0.88,-0.31,-0.83,0.73,-0.85,0.23,0.08,-0.66,0.56,-0.38,0.46,-0.63,0.21,-0.04,
-0.89,0.93,-0.47,-0.9,0.04,-0.76,-0.53,-0.71,0.92,0.46,0.7,0.63,-0.34,-0.54,0.68,0.82,
-0.58,0.27,0.33,0.37,-0.61,-0.65,0.81,-0.06,0.17,0.61,0.04,0.12,0.02,-0.59,0.4,0.15,
0.02,0.61,-0.24,-0.68,0.03,0.4,0.05,0.33,-0.1,0.25,0.02,0.32,-0.21,0.25,0.52,-0.97,
-0.93,-0.27,0.81,0.96,-0.44,-0.6,0,0.02,0.13,0.32,-0.86,0.4,0.19,0.58,0.39,0.07,
0.51,-0.77,0.44,-0.74,0,0.16,-0.93,-0.15,0.07,0.45,-0.52,-0.17,0.9,0.06,0.27,-0.42,
