0.34,-0.15,0.82,-0.58,0.4,0.56,0.36,-0.96,0.63,-0.76,0.43,0.73,-0.8,0.42,0.36,0.98,0.15,0.34,0.34,-0.73,0.56,0.74,-0.28,-0.01,-0.69,-0.97,-0.84,-0.67,0.74,-0.71,0.52,-0.88,0.71,-0.41,0.53,0.23,0.11,-0.77,-0.24,-0.71,-0.19,0.07,
-0.88,-0.36,0.08,0.39,-0.89,0.44,0.81,-0.47,0.72,-0.17,-0.25,0.51,0.53,-0.57,-0.45,0.04,-0.7,0.64,-0.7,0.62,-0.63,-0.54,0.4,0.1,0.88,0.56,0.32,0.52,-0.8,-0.14,-0.3,-0.08,-0.49,0.41,0.43,0.22,-0.56,-0.23,0.83,-0.86,-0.54,-0.12,
0.51,-0.81,0.86,-0.76,-0.67,-0.03,-0.27,0.48,0.25,0.79,0.74,-0.61,0.21,-0.86,0.83,0.42,-0.99,0.12,-0.03,-0.51,0.59,0.33,0.24,-0.97,0.17,0.6,-0.55,-0.31,-0.36,-0.6,-0.56,-1,0.99,-0.83,0.81,-0.66,-0.55,0,-0.5,0.94,-0.09,0.77,
0.69,0.99,-0.11,-0.24,0.54,-0.05,-0.46,-0.22,0,0.96,-0.21,-0.54,-0.52,-0.97,0,-0.29,-0.47,0.92,0.61,0.16,-0.3,0.64,0.8,0.93,-0.51,-1,0.94,-0.73,-0.82,0.67,-0.69,0.95,0.6,0.66,0.09,0.27,-0.39,0.19,-0.96,0.06,0.87,0.76,
-0.56,0.74,-0.87,-0.55,-0.29,0.18,0.4,0.25,-0.98,0.52,-0.88,-0.25,0.57,0.07,0.99,0.55,0.77,0.5,-0.21,0.13,0.62,-0.83,0.85,-0.8,0.01,-0.04,-0.84,-0.92,0.39,-0.71,0.52,-0.64,0.26,-0.48,0.01,0.21,-0.24,0.42,-0.25,0.81,-0.66,0.58,
-0.93,-0.13,0.07,0.36,-0.63,-0.97,0.77,0.71,-0.81,-0.68,-0.65,0.08,0.82,0.77,0.43,0.01,0.48,0.05,-0.5,0.26,-0.5,-0.34,0.9,-0.49,-0.29,0.43,-0.57,-0.07,0.6,0.44,-0.34,-0.3,-0.95,0.02,0.73,0.59,-0.96,-0.52,0.39,0.88,0.73,0.82,
0.47,0.39,0.5,-0.48,0.42,0.6,-0.37,0.05,0.06,-0.47,0.04,-0.12,-0.08,0.6,0.3,0.74,-0.3,-0.63,0.64,0.34,-0.03,0.82,-0.61,0.77,0.8,-0.92,-0.96,-0.02,-0.06,-0.76,0.88,-0.99,-0.35,0.98,0.92,-0.62,-0.12,0.85,0.23,0.93,0.14,-0.89,
-0.96,-0.05,0.43,-0.95,-0.28,-1,-0.74,-0.86,-0.45,-0.94,-0.52,-0.44,-0.06,-0.44,0.2,0.88,0.09,-0.36,-0.65,0.68,-0.66,-0.82,0.66,0.82,0.1,0.91,0.34,-0.86,0.66,0.05,0.55,-0.22,-0.31,0.51,-0.2,0.7,0.04,0.23,0.62,0.43,-0.34,0.22,
0.66,-0.56,-0.67,-0.65,-0.04,-0.82,-0.76,0.96,-0.58,-0.01,0.58,0.13,-0.66,-0.66,0.99,-0.29,0.19,-0.51,-0.18,-0.36,-0.79,-0.19,0.87,-0.44,-0.06,0.97,0.46,0.67,-0.73,-0.44,0.95,0.44,-0.8,0.92,-0.29,0.3,-0.15,0.95,-0.17,-0.24,0.54,0.93,
-0.44,-0.46,0.24,0.7,-0.73,-0.23,-0.24,-0.82,0.09,-0.52,-0.61,0.85,0.74,0.77,0.38,-0.04,-0.62,0.1,0.52,0.61,0.4,0.37,0.06,-0.54,0.38,-0.56,0.02,0.25,-0.44,0.93,0,0.23,0.76,0.61,-0.32,0.26,0.22,-0.89,-0.72,0.43,0.37,0.83,
0.13,-0.6,0.82,0.56,-0.49,-0.34,-0.32,0.83,0.03,0.47,0.95,-0.95,-0.61,0.09,0.45,-0.34,0.4,0.3,0.73,-0.97,0.99,0.51,0.1,0.05,0.72,0.43,0.48,-0.93,-0.44,0.78,0.33,-0.46,0.56,-0.63,0.95,0.99,-0.34,0.72,-0.96,-0.99,-0.44,-0.55,
-0.74,-0.49,0.64,-0.86,-0.81,0.72,-0.06,0.06,-0.96,-0.99,0.64,0.76,0.38,-0.85,0.13,-0.24,-0.67,-0.26,-0.05,0.7,-0.83,-0.71,0.2,0.45,-0.39,-0.81,-0.61,-0.64,0.98,0.01,-0.72,-0.69,0.92,-0.47,0.12,-0.12,0.06,-0.1,0.73,-0.73,-0.88,0.17,
-0.74,0.47,-0.16,0.71,0.82,0.58,0.38,0.56,-0.58,0.92,0.89,0.64,-0.72,0.46,0.97,-1,-0.51,-0.88,-0.82,0.71,0.07,0.61,-0.16,0.53,0.71,-0.81,-0.71,-0.96,-0.11,-0.85,-0.39,0.17,0.78,-0.82,-0.08,-0.31,-0.99,0.31,-0.79,0.32,-0.19,0.47,
-0.99,-0.33,-0.19,-0.02,0.45,0.89,-0.99,0.16,-0.2,0.55,-0.4,-0.64,-0.68,0.68,0.59,0.92,0.64,0.13,0.93,-0.31,-0.86,0.38,-0.97,0.32,-0.81,0.65,0.38,-0.47,-0.25,-0.48,0.87,-0.33,0.49,-0.35,-0.14,-0.91,0.86,-0.88,-0.14,0.87,-0.83,0.16,
-0.12,0.99,-0.41,-0.5,0.78,0.49,0.99,0.07,-0.86,0.66,-0.67,-0.48,0.74,0.29,-0.29,0.3,0.38,0.24,0.57,-0.98,0.61,0.76,-0.83,0.75,0.24,0.89,-0.67,0.23,0.93,0.29,-0.25,0.68,-0.62,0.07,-0.79,0.18,0.56,0.01,0.74,0.6,0.19,-0.75,
-0.55,-0.98,0.87,-0.9,0.69,-0.78,0.13,-0.46,-0.11,-0.29,-0.74,0.63,0.33,-0.71,-0.49,0.04,-0.4,-0.81,0.29,0.42,0.51,-0.87,-0.69,0.27,-0.94,0.98,-0.86,-0.55,0.46,-0.35,0.17,-0.86,-0.58,-0.3,-0.03,-0.62,0.54,-0.13,-0.78,-0.31,0.29,0.87,
-0.69,-0.25,0.77,-0.17,0.94,-0.1,-0.55,0.96,0.59,-0.49,0.58,0.4,-0.09,0.71,-0.94,-0.52,0.6,-0.53,-0.19,-0.95,-0.77,-0.23,0.52,0.34,-0.51,-0.31,0.76,-0.78,-0.74,-0.99,-0.73,0.42,0.11,-0.43,-0.22,0.45,0.21,0.29,0.62,-0.47,-0.57,0.11,
0.9,0.25,0.85,-0.37,-0.63,-0.31,0.61,0.62,-0.32,-0.54,-0.06,0.03,-0.69,0.15,-0.9,-0.44,-0.95,0.47,0.64,-0.36,-0.59,0.03,-0.01,0.79,0.46,0.74,0.46,0.19,-0.47,-0.68,-0.08,0.38,-0.43,0.6,0.53,0.72,0.55,0.25,-0.58,0.1,0.08,-0.9,
0.61,-0.73,0.04,0.01,0.09,-0.22,0.6,0.65,-0.87,0.48,0.54,-0.6,0.78,-0.25,-0.62,-0.17,-0.5,0.32,0.89,-0.65,0.78,-0.23,-0.14,-0.72,0.8,0.77,0.77,0.2,-0.5,0.72,0.83,-0.98,0.61,-0.74,-0.43,-0.48,0.93,0.11,-0.6,0.01,-0.08,0.24,
0.49,-0.77,-0.39,-0.27,-0.01,-0.92,-0.4,0.5,-0.59,-0.93,-0.69,0.99,0.48,0.62,0.54,-0.29,-0.79,-0.38,-0.74,0.55,-0.05,0.82,-0.94,-0.1,0.79,0.59,-0.29,-0.08,-0.05,0,0.94,0.05,-0.88,-0.07,0.8,-0.73,0.51,0.01,-0.94,-0.29,0.15,-0.4,
0.36,-0.28,-0.63,-0.5,0.7,0.88,0.68,0.58,-0.03,0.63,-0.42,0.66,-0.85,0.89,0.91,-0.77,-0.93,-0.16,0.56,0.92,0.19,-0.18,0.58,0.3,-0.06,-0.09,0,-0.66,0.6,-0.3,0.46,0.46,0.36,-0.76,0.92,-0.32,0.65,0.78,-0.65,0.21,0.52,-0.39,
-0.98,-0.5,-0.87,-0.65,-0.89,-0.55,-0.76,-0.53,0.03,-0.75,0.06,0.27,-0.65,-0.55,-0.48,-0.59,0.69,0.34,0.71,0.64,-0.3,-0.52,0.33,-0.2,0.33,-0.28,-0.49,-0.67,-0.32,0.03,0.67,0.76,0.74,-0.11,0.35,0.86,-0.75,0.26,-0.33,0.01,-1,-0.27,
0.72,0.53,0.23,0.92,-0.07,-0.81,-0.39,0.15,0.91,0.84,-0.45,-0.76,0.83,-0.77,0.32,-0.55,0.78,-0.45,0.49,-0.12,0.09,-0.4,-0.31,-0.8,-0.46,-0.88,-0.53,-0.55,-0.29,-0.37,-0.77,0.9,-0.64,-0.14,0.02,-0.11,0.46,-0.09,-0.02,0.75,0.15,0.38,
0.65,-0.36,0.35,0.66,0.73,-0.79,0.73,-0.38,0.88,0.32,0.38,-0.35,-0.35,0.39,-0.83,0.93,-0.69,-0.91,0.33,0.08,-0.64,0.22,0.63,-1,0.48,0.61,-0.33,-0.76,-0.21,0.31,0.43,0.78,0.69,-0.35,-0.71,-0.48,0.6,0.5,-0.66,-0.86,0.31,-0.42,
-0.28,-0.68,0.21,-0.46,-0.51,-0.45,-0.44,-0.35,-0.32,-0.23,-0.21,-0.73,0.2,0.75,0.42,0.68,0.99,0.39,0.56,0.59,-0.79,0.05,0.29,-0.09,0.6,-0.19,0.09,-0.27,-0.98,-0.87,0.21,0.63,-0.88,0.37,-0.87,0.01,-0.22,0.68,-0.99,-0.7,-0.47,0.68,
0.44,-0.74,-0.8,-0.26,-0.1,0.73,0.1,-0.41,-0.03,0.46,0.62,-0.06,0.42,-0.23,-0.52,-0.15,0.89,0.82,0.56,-0.87,0.98,-0.21,0.61,-0.58,0.33,0.27,-0.93,0.79,0.16,0.92,0.51,0.44,0.76,0.18,-0.22,-0.67,-0.99,-0.9,0.93,0.28,0.5,0.73,
-0.75,-0.03,0.36,-0.03,-0.93,-0.11,-0.22,0.56,0.53,-0.95,0.06,-0.94,-0.63,-0.87,0.53,0.74,-0.87,0.85,0.76,-0.29,0.87,-0.42,0.25,0.61,-0.13,-0.96,-0.16,0.81,-1,0.22,0.79,-0.27,-0.28,-0.17,0.76,-0.79,-0.97,0.8,-0.91,0.97,0.52,0.98,
-0.15,0.84,0.52,0.37,-0.03,-0.68,-0.85,-0.11,-0.39,0.63,-0.91,-0.68,0.68,0.29,-0.53,0.16,0.77,0.59,-0.66,-0.18,-0.36,-0.72,0.43,-0.41,-0.48,0.3,-0.72,-0.94,-0.37,0.19,-0.42,-0.93,-0.61,0.16,-0.25,0.66,0.33,-0.22,-0.3,0.39,0.79,-0.73,
0.52,-0.91,-0.42,0.83,-0.71,-0.6,0.54,0.2,-0.04,0.03,0.01,0.74,0.51,-0.83,0.58,0.36,-0.01,0.12,0.66,0.95,-0.54,-0.04,-0.6,-0.48,0.66,-0.87,-0.14,0.43,0.77,-0.37,0.38,-0.67,0.13,-0.71,-0.03,0.07,0.14,-0.04,0.17,-0.92,-0.27,0.14,
0.71,-0.27,-0.2,-0.78,-0.15,0.9,-0.45,-0.99,-0.68,0.85,0.01,0.37,0.92,0.34,0.76,-0.15,0.22,-0.87,0.77,-0.3,-0.18,-0.89,-0.25,0.97,-0.93,0.01,0.89,0.81,-0.64,0.74,-0.22,-0.67,-0.04,0,-0.43,0.85,-0.44,-0.86,0.61,0.05,-0.81,-0.68,
