-0.18,-0.47,0.8,-0.8,0.05,-0.13,-0.72,0.39,-0.6,-0.08,-0.37,-0.45,0.3,-0.36,-0.98,-0.45,-1,0.45,-0.68,0.05,-0.68,0.17,-0.78,0.62,0.66,-0.91,0.57,0.8,-0.19,-0.57,
0.68,0.35,0.46,0.87,0.83,-0.8,-0.68,0.5,0.32,0.57,0.91,0.95,0.16,-0.91,0.55,0.78,0.83,-0.13,-0.77,0.2,-0.65,0.04,0.71,-0.6,0.82,0.54,0.33,0.91,-0.57,-0.9,
-0.05,-0.93,0.04,-0.35,0.94,0.59,-0.79,-0.81,-0.43,0.68,-0.61,-0.16,0.61,-0.17,0.17,-0.08,0.59,-0.59,0.79,-0.07,-0.65,0.23,0.25,0.86,0.71,-0.08,0.74,-0.66,-0.09,0.39,
-0.1,0.89,0.72,-0.95,0.77,-0.06,0.7,-0.98,-0.78,-0.26,-0.65,0.59,-0.06,-0.52,0.89,0.96,0.8,0.29,-0.7,-0.13,0.16,-0.5,-0.02,0.85,0.26,0.04,0.69,-0.53,0.34,-0.17,
-0.13,-0.96,-0.02,-0.78,0.6,-0.55,-0.08,-0.63,-0.41,0.17,-0.59,-0.36,-0.46,0.85,-0.76,-0.52,-0.73,0.03,0.51,0.68,-0.51,0.95,-0.25,0.1,-0.78,0.06,0.66,0.29,0.32,-0.73,
0.18,0.56,0.77,0.06,0.31,-0.64,0.39,-0.85,-0.27,-0.21,0.24,0.02,0.43,-0.06,0.95,-0.36,0.83,0.65,0.71,-0.26,-0.53,-0.2,0.59,-0.71,-0.77,0.28,0.26,0.82,0.09,-0.39,
0.56,-0.62,-0.31,-0.14,-0.02,0.97,0.25,-0.2,0.5,0.86,-0.04,-0.16,-0.23,-0.45,0.6,0.56,0.69,0.23,0.37,-0.22,0.98,0.43,0.24,0.61,-0.35,-0.63,0.14,0.68,-0.57,-0.55,
0.54,0.26,-0.02,-0.34,-0.15,-0.91,0.28,-0.71,0.51,-0.03,0.6,-0.2,-0.76,0.15,0.03,-0.62,0.96,0.69,0.44,-0.27,0.44,0.8,-0.41,-0.24,-0.94,0.65,0.98,-0.89,0.87,-0.28,
0.47,0.91,0.74,-0.66,-0.24,0.5,-0.88,-0.32,-0.39,-0.5,0.54,0.84,-0.34,-0.67,-0.58,-0.48,0.69,0.49,0.55,0.73,-0.44,-0.88,0.78,0.02,-0.5,0.07,-0.15,-0.99,0.18,0.99,
0.69,0.81,0.29,0.48,-0.59,-0.11,-0.95,0.06,0.87,-0.52,-0.67,-0.24,0.1,0.65,-0.41,0.63,0.19,-0.92,-0.49,0.78,-0.56,0.38,0.3,0.47,0.68,0.49,0.15,-0.65,0.92,-0.6,
0.13,-0.43,0.73,-0.82,0.86,-0.56,-0.33,-0.48,-0.1,-0.3,-0.03,-0.24,-0.09,0.55,-0.97,0.19,0.23,0.03,-0.23,0.75,-0.62,-0.45,0.44,0.17,-0.79,-0.3,0.29,0.69,-0.93,0.55,
0.6,0.04,0.68,0.61,0.99,0.41,-0.04,0.04,0.32,-0.89,-0.63,-0.42,0.2,0.85,0.95,0.68,0.85,-0.85,0.06,-0.95,-0.08,-0.84,0.29,0.39,0.03,-0.75,-0.18,0.57,-0.69,0.13,
0.26,0.65,-0.39,-0.59,0.94,0.03,-0.7,-0.14,0.14,-0.14,-0.17,0.73,0.41,0.34,0.5,-0.86,-0.51,0.93,-0.93,0.48,0.53,0.33,-0.38,-0.64,-0.32,-0.14,0.05,0,-0.44,-0.36,
0.6,0.42,-0.54,0.92,-0.69,-0.4,-0.36,0.56,-0.24,-0.06,-0.6,-0.53,-0.58,0.7,0.63,-0.5,0.01,-0.88,0.02,-0.92,-0.7,-0.29,-0.37,0.68,-0.35,0.46,-0.21,-0.12,-0.62,-0.3,
0.83,-0.37,-0.07,0.91,-0.75,0.32,0.82,-0.43,0.76,0.42,0.91,0.81,0.55,0.8,-0.69,-0.72,-0.79,0.98,0.07,-0.33,-0.51,0.23,-0.86,0.91,0.72,0.4,-0.94,-0.33,0.95,-0.67,
0.57,-0.12,-0.37,-0.57,-0.78,0.01,0.26,0.77,0.93,-0.13,0.96,-0.69,-0.76,-0.98,0.46,-0.97,-0.25,0.92,0.34,0.94,-0.44,0.06,-0.74,0.48,-0.77,0.09,0.37,0.95,0.73,0.9,
-0.37,-0.91,0.28,0.62,0.61,0.06,0.63,-0.45,-0.38,0.19,0.77,0.59,0.48,-0.23,-0.29,-0.78,0.49,-0.94,-0.63,0.05,-0.25,0.98,0.9,-0.67,0.86,-0.11,-0.75,-0.19,0.81,-0.73,
0.74,-0.16,0.08,0.36,0.09,0.95,0,0.73,0.15,-0.22,-0.13,0.82,0.9,0.44,-0.86,-0.5,-0.48,0.44,-0.23,0.08,0.83,0.57,0.18,0.55,-0.65,-0.75,-0.44,0.56,0.55,0.54,
0.84,-0.54,0.37,0.89,0.61,0.02,-0.63,-0.24,-0.35,-0.23,-1,0.29,0.72,-0.77,0.84,-0.33,-0.56,0.32,0.02,0.45,0.21,-0.4,-0.53,-0.96,-0.38,-0.45,0.05,-0.34,0.08,0.88,
-0.46,-1,0.95,0.79,0.09,0.2,-0.94,-0.09,-0.85,-0.8,-0.3,0.36,-0.76,-0.83,-0.1,-0.36,0.19,-0.21,-0.54,0.25,-0.85,0.12,-0.51,-0.84,0.34,-0.77,-0.33,-0.24,0.34,0.48,
-0.05,-0.12,-0.65,0.49,0.81,-0.03,-0.08,0.66,0.31,0.2,0.49,0.32,0.25,0.83,0.48,-0.14,-0.97,-0.74,0.22,-0.47,0.54,-0.88,0.33,-0.62,0.09,0.91,-0.48,-0.86,0.9,-0.6,
0.07,0.33,0.43,0.94,-0.61,0.5,-0.54,0.62,0.4,-0.78,-0.91,0.39,0.49,-0.57,0.66,-0.65,-0.17,0.19,0.1,0.98,-0.73,-0.79,-0.66,-0.43,0.21,0.55,0.26,-0.99,-0.19,0.36,
0.82,-0.47,0.99,-0.68,-0.37,0.45,-0.15,0.5,0.51,-0.23,0.26,0.61,0.19,-0.38,0.6,0.38,-0.77,-0.81,-0.69,-0.55,-0.09,0.62,-0.36,-0.62,-0.87,0.08,0.63,-0.3,-0.97,-0.06,
0.33,-0.3,0.55,0.06,-0.32,0.87,0.72,0.73,-0.4,0.14,0.19,0.3,-0.91,0.26,-0.47,-0.29,0.66,-0.03,-0.1,0.82,0.42,-0.05,0.39,-0.6,-0.26,-0.83,-0.56,-0.07,0.62,-0.68,
0.57,0.5,0.91,-0.13,0.82,0.66,0.6,-0.14,0.68,-0.54,-0.17,0.01,0.02,0.93,-0.61,0.34,-0.16,-0.2,0.19,0.19,-0.46,-0.78,-0.74,-0.22,-0.47,-0.22,-0.03,-0.07,0.42,0.24,
-0.92,-0.04,0.79,-0.19,0.12,0.88,0.97,0.55,0.08,-0.73,-0.42,0.32,-0.17,-0.07,-0.56,-0.82,-0.86,0.45,-0.41,-0.69,-0.25,0.96,0.32,0.14,0.05,-0.91,-0.83,-0.38,0.08,-0.73,
-0.49,0.29,-0.57,-0.77,0.41,0.67,0.84,0.56,-0.33,0.76,-0.68,-0.93,0.62,-0.05,-0.8,-0.74,-0.1,0.41,0.19,0.9,0.38,-0.62,-0.43,0.77,-0.33,0.86,-0.08,0.77,-0.44,-0.94,
0.89,0.38,-0.57,-0.16,0.32,0.16,-0.09,0.84,0.03,-0.28,-0.87,-0.23,-0.32,-0.64,0.13,-1,-0.06,0.02,-0.93,-0.9,0.3,-0.54,0.94,-0.88,0.95,-0.62,0.31,-0.54,0.86,0.1,
-0.28,-0.76,-0.1,-0.33,0.19,-0.87,0.23,0.2,0.58,0.09,0.97,0.04,0.57,0.62,0.43,-0.66,0.18,-0.23,0.05,0.02,-0.09,0.29,-0.29,-0.44,-0.59,-0.75,-0.45,0.07,-0.08,0.18,
0.73,0.11,0.16,0.95,0.64,-0.55,-0.94,-0.08,0.2,0.86,-0.87,0.48,-0.35,-0.57,-0.9,0.43,-0.65,0.21,-0.66,-0.45,0.24,0.41,-0.29,-0.57,-0.78,-0.23,0.78,-0.8,0.01,-0.62,
0.11,-0.58,0.55,-0.07,0.45,-0.69,-0.33,0.29,0.6,-0.9,-0.58,0.71,-0.92,-0.21,-0.56,0.06,-0.15,-0.48,0.42,0.28,0.23,-0.37,0.92,0.52,-0.02,0.18,-0.54,-0.64,0.06,-0.29,
0.75,0.46,-0.57,-0.58,-0.07,-0.29,-0.99,-0.24,0.9,0.35,0.98,0.73,-0.66,-0.25,0.36,-0.96,0.75,0,0.16,0.37,-0.51,0.27,-0.01,-0.41,0.89,0.62,-0.79,-0.32,-0.36,-0.62,
0.47,-0.83,-0.16,-0.71,-0.91,-0.78,0.95,-0.94,0.63,-0.26,0.99,-0.7,0.35,0.35,-0.44,0.37,0.72,0.65,-0.69,-0.1,0.37,0.26,-0.08,-0.69,-0.5,-0.95,0.95,0.53,0.82,-0.81,
0.48,-0.1,-0.08,0.62,-0.97,-0.84,0.2,0.34,-0.71,0.61,0.28,-0.67,0.24,-0.21,-0.25,0.98,-0.08,-0.3,0.32,-0.36,0.27,0.63,0.4,0.32,-0.38,0.92,0.74,0.55,-0.74,0.65,
-0.13,-0.15,0.54,0.45,-0.14,-0.89,-0.87,-0.1,-0.52,-0.17,-0.58,0.45,0.66,0.93,0.34,-0.03,0.23,0.16,0.74,0.29,-0.19,-0.93,0.1,-1,0.48,0.13,0.05,0.37,-0.83,-0.29,
0.69,-0.05,0.04,-0.76,0.62,-0.41,0.11,-0.34,-0.34,-0.09,-0.35,-0.81,0.4,-0.63,-0.36,0.62,0.01,0.97,-0.94,-0.77,0.26,-0.25,-0.74,0.93,0.31,0.69,-0.91,-0.86,0.15,-0.33,
-0.97,-0.6,-0.18,0.99,-0.45,-0.86,-0.65,-0.69,-0.35,0.28,0.14,-0.79,0,0.76,0.45,0.58,0.15,-0.87,-0.99,-0.9,-0.48,0.37,0.87,-0.25,0.19,0.25,-0.53,0.65,-0.65,-0.08,
-0.55,0.89,-0.02,0.5,0.23,0.88,0.34,-0.22,0.26,0.66,0.56,0.65,0.8,-0.71,-0.2,0.04,-0.98,-0.96,0.93,-0.52,0.77,0.61,-0.22,-0.11,0.5,-0.26,-0.43,-0.31,0.14,-0.64,
-0.01,0.21,-0.37,0.52,-0.84,-0.11,0.57,0.99,0.56,-0.77,-0.97,0.43,-0.29,-0.9,-0.74,0.34,0.89,0.01,-0.94,0.42,-0.83,0.72,-0.22,-0.02,-0.65,0.27,0.99,-0.12,-0.85,0.92,
0.96,0.91,0.68,0.91,0.61,0.79,-0.88,-0.92,-0.85,0.91,-0.66,0.39,-0.42,-0.49,0.06,-0.39,0.78,-0.3,-0.24,-0.87,0.75,0.17,0.15,0.54,-0.11,-0.08,0.95,-0.17,0.66,0.4,
-0.19,0.9,-0.79,0.98,0.7,0.41,0.78,0.99,0.59,-0.71,-0.65,0.81,-0.93,-0.35,-0.65,-0.51,-0.63,-0.84,-0.63,-0.71,-0.48,0.06,-0.57,0.44,-0.36,0.28,-0.05,-0.92,0.66,0.01,
0.71,-0.37,0.19,0.27,-0.08,0.44,0.29,0.22,0.8,-0.16,0.67,0.67,-0.13,0.77,-0.57,0.53,-0.7,0.06,0.53,0.05,0.39,0,-0.15,0.23,0,-0.84,-0.85,-0.04,0.23,-0.71,
-0.23,-0.55,-0.47,0.92,0.06,-0.33,0.78,0.1,0.98,-0.92,0.81,0.77,-0.37,0.75,0.48,0.78,-0.94,0.39,-0.74,0.98,-0.15,0.22,0.87,0.23,0.43,0.92,-0.44,-0.72,-0.68,-0.11,
0.32,0,0.91,-0.09,0.41,0.76,0.29,0.38,0.19,-1,-0.11,0.82,0.5,-0.69,0.48,0.31,0.3,-0.6,0.53,0.11,0.6,0.4,-0.91,0.3,0.27,0.29,0.55,-0.43,-0.28,-0.79,
-0.08,0.06,-0.83,0.24,-0.71,-0.69,0.79,0.34,0.89,0.01,-0.73,0.73,0.44,-0.88,0.1,-0.31,-0.28,-0.16,-0.19,0.08,-0.97,0.34,-0.12,0.88,0.49,0.2,0.01,0.43,-0.28,0.41,
0.63,-0.25,-0.18,-0.23,0.15,0.9,-0.94,-0.59,0.67,-0.09,-0.4,0.46,0.82,0.17,0.65,0.14,0.35,-0.4,0.94,-0.18,0.53,-0.46,-0.63,0.58,-0.82,-0.93,-0.98,-0.46,0.58,-0.88,
-0.85,-0.78,-0.01,0.41,-0.02,-0.67,0.94,-0.19,-0.98,0.13,-0.75,0.51,-1,-0.34,-0.69,-0.27,0.83,-0.44,-0.13,-0.57,-0.82,-0.62,-0.67,-0.63,0.97,-0.52,0.81,-0.31,-0.84,0.87,
-0.5,-0.59,0.27,0.88,0.66,0.48,-0.16,0.34,0.26,-0.62,0.21,0.2,-0.44,0.53,0.77,-0.46,-0.37,-0.59,0.59,0.5,-0.84,-0.01,0.93,-0.06,0.14,-0.9,-0.79,-0.47,-0.09,0.18,
-0.23,0.11,-0.03,0.9,-0.52,-0.55,0.73,-0.05,-0.03,0.08,-0.45,0.25,0,0.16,-0.78,0.13,0.01,0.96,0.66,-0.56,-0.57,-0.4,0.2,-0.16,-0.54,-0.72,0.88,0.48,0.73,-0.65,
-0.5,-0.28,0.55,0.14,0.22,0.46,0.78,0.14,-0.2,0.59,0.36,0.15,-0.4,-0.07,-0.34,-0.62,-0.67,-0.12,-0.38,0.18,0,-0.01,-0.79,-0.34,-0.13,-0.07,-0.51,0.82,-0.13,-0.48,
-0.89,0.4,0.15,-0.06,0.93,-0.48,-0.78,0.17,0.82,-0.01,-0.29,0.55,0.78,0.47,-0.77,-0.77,-0.89,0.43,0.22,0.42,-0.72,0.7,0.93,0.41,0.01,0.29,0.59,0.26,-0.81,0.66,
0.79,0.78,0.61,-0.38,0.58,0.82,0.83,-0.23,-0.07,-0.59,0.15,0.52,-0.91,0.08,-0.22,-0.72,-0.7,-0.18,0.2,0.98,0.04,-0.9,-0.55,-0.58,-0.55,-0.33,0.54,0.59,-0.7,-0.36,
-0.49,0.86,0.99,-0.95,0.35,0.79,-0.58,0.45,-0.38,0.09,0.35,-0.97,-0.35,-0.9,0.52,0.45,-0.64,-0.86,-0.66,-0.37,-0.28,-0.82,-0.79,0.73,0.39,-0.15,-0.45,0.65,0.48,0.5,
-0.86,0.55,-0.83,0.48,0.89,-0.94,-0.89,-0.51,-0.51,-0.7,0.73,-0.31,-0.48,-0.79,0.45,-0.13,0.7,0.39,0,0.29,0.62,0.17,-0.57,0.41,0.27,-0.53,-0.23,-0.18,-0.36,-0.58,
-0.57,0.08,0.09,0.58,-0.3,0.23,-0.09,-0.24,-0.37,0.14,0.77,-0.07,-0.55,-0.97,0.16,0.67,0.3,0.85,-0.76,-0.98,0.91,-0.06,0.76,-0.15,0.69,-0.86,0.35,0.27,0.08,-0.49,
0.12,-0.33,0.28,-0.41,-0.96,0.38,0.37,0.83,-0.82,0.67,-0.09,0.97,-0.17,-0.68,-0.24,-0.36,-0.3,0.05,0.88,0.5,0.61,-0.47,0.8,-0.73,0.06,-0.69,0.15,-0.31,0.09,-0.23,
-0.77,0.43,0.11,-0.69,0.22,-0.59,0.7,0.67,-0.74,-0.36,0.85,-0.43,0.89,0.7,-0.61,0.48,-0.16,0.33,-0.73,0.86,-0.12,-0.52,-0.85,0.17,-0.89,-0.5,0.53,-0.9,-0.59,0.85,
-0.35,0.38,0.58,-0.3,0.08,0.51,-0.99,0.44,-0.99,-0.08,-0.43,0.34,-0.18,-0.2,-0.85,-0.43,0.73,0.88,-0.39,-0.44,-0.97,0.22,-0.47,0.26,0.04,0.93,0.09,0.77,-0.79,0.67,
-0.35,-0.72,0.07,-0.06,0.62,0.12,0.21,0.3,0.41,-0.29,0.43,-0.67,0.59,0.61,-0.73,0.24,0.52,-0.74,0.64,0.66,0.09,0.15,0.18,0.14,0.71,0.75,0.02,-0.42,0.77,0.3,
-0.14,0.73,-0.95,0.73,-0.42,-0.36,0.61,0.17,-0.96,-0.99,0.43,0.41,-0.39,0.19,0.07,0.77,0.82,0.42,-0.51,0.65,-0.86,0.78,-0.54,0.88,-0.4,0.54,-0.41,-0.55,-0.69,0.59,
-0.37,0.55,0.55,-0.79,-0.96,0.49,-0.04,0.77,-0.39,-0.71,-0.54,-0.17,-0.61,-0.08,-0.25,0.18,-0.78,0.5,-0.27,-0.3,0.12,-0.26,-0.27,0.21,-0.68,-0.15,0.88,-0.75,-0.4,0.91,
0.4,0.85,0.92,0.34,-0.54,-0.7,0.66,-0.34,0.47,0.04,0.1,-0.75,0.43,0.21,-0.17,0.39,-0.11,-0.95,0.34,-0.92,0,0.39,0.43,0.05,0.82,-0.97,0.69,0.17,-0.05,-1,
-0.54,0.25,-0.4,-0.36,-0.33,-0.18,-0.63,-0.59,-0.4,0.81,0.63,-0.78,-0.65,-0.53,-0.45,-0.49,0.97,-0.5,-0.38,-0.71,-0.47,0.84,-0.03,0.02,0.42,-0.42,0.33,-0.29,-0.57,-0.4,
0.81,0.42,-0.83,-0.29,-0.91,-0.33,0.04,0.11,0.85,-0.15,-0.87,0.02,0.14,0.15,-0.24,-0.28,-0.15,-0.04,-0.4,-0.59,0.4,0.5,-0.65,0.72,-0.3,-0.3,0.32,0.82,0.73,-0.54,
0.81,0.54,0.82,0.72,-0.3,0.33,-0.75,0.39,-0.37,0.33,0.46,0.87,0.14,-0.14,-0.13,-0.94,-0.19,0.73,-0.34,-0.92,0.85,0.76,0.53,-0.05,0.43,0.65,-0.07,-0.56,-0.67,0.71,
-1,-0.77,-0.76,-0.94,-0.34,0.38,-0.4,0.03,0.33,-0.05,-0.51,-0.09,0.43,-0.73,0.13,0.71,-0.43,-0.37,0.15,0.56,0.74,-0.71,0.7,0.35,-0.14,0.04,0.21,-0.72,-0.24,0.51,
-0.39,-0.58,0.32,0.39,0.87,0.22,0.76,-0.61,-0.96,-0.14,-0.23,0.28,-0.23,0.31,-0.9,0.08,0.24,-0.54,0.21,0.92,-0.83,0.27,-0.51,-0.48,0.53,-0.53,-0.57,0.22,-0.75,-0.85,
-0.33,-0.6,0.93,0.24,-0.58,-0.98,0.66,0.42,0.22,-0.65,0.48,-1,-0.11,-0.95,-0.56,-0.07,-0.59,0.59,0.55,-0.2,0.59,-0.3,-0.97,0.88,0.71,0.04,0.9,0.9,-0.53,-0.63,
-0.45,0.2,-0.16,0.5,0,0.59,0.54,0.31,-0.99,0.68,0.5,0.11,0.02,-0.86,0.84,-0.69,-0.47,0.83,0.41,0.31,0.4,0.6,-0.25,0.56,0.38,-0.87,0.87,0.59,0.04,0.25,
-0.88,-0.28,0.24,0.02,-0.54,0.15,-0.54,0.09,0.79,-0.86,-0.87,0.69,-0.87,-0.25,-0.34,-0.51,-0.32,-0.79,-0.12,0.78,0.82,-0.99,-0.59,0.17,-0.8,-0.93,-0.39,-0.99,-0.81,-0.43,
0.11,-0.39,-0.68,0.32,0.2,0.12,0.44,-0.48,-0.04,0.49,-0.85,-0.48,-0.35,0.13,-0.05,0.9,-0.61,0.03,0.31,0.28,-0.55,-0.86,-0.96,0.37,0.54,-0.27,-0.96,0.62,-0.4,-0.13,
0.85,-0.45,0.23,0.56,0.24,-0.12,-0.91,0.76,-0.97,-0.57,0.68,-0.29,0.48,-0.15,-0.7,0.68,0.87,0.13,-0.23,-0.75,-0.86,-0.52,0.65,0.64,0.18,0.94,-0.39,0.23,0.21,-0.73,
-0.69,0.05,-0.22,-0.59,-0.55,-0.16,0.6,0.57,-0.59,0.81,-0.45,-0.12,-0.51,0.14,0.79,-0.44,0.94,0.35,0.14,0.56,0,0.84,0.16,0.16,0.99,0.62,0.42,-0.8,-0.56,-0.49,
-0.16,0.86,-0.85,-0.78,-0.74,-0.14,-0.57,-0.65,-0.72,0.94,0.03,0.11,0.32,-0.5,-0.52,0.68,-0.32,-0.46,-0.77,-0.56,0.09,0.9,-0.08,0.23,-0.13,0.09,-0.57,-0.19,-0.42,-0.12,
-0.86,0.84,-0.39,-0.35,-0.65,0.66,-0.4,0.91,-0.84,0.15,0.03,-0.36,0,-0.46,-0.99,-0.9,0.75,-0.28,-0.77,-0.93,-0.07,0.93,-0.98,-0.93,-0.06,-0.27,-0.07,-0.58,0.06,0.86,
-0.81,-0.38,0.08,0.4,0.71,-0.07,-0.8,0.37,-0.86,-0.89,-0.83,-0.57,-0.17,0.03,0.11,-0.42,-0.28,0.44,-0.71,0.46,-0.25,0.14,0.22,-0.56,0.93,0.6,0.78,0.48,0.28,0.4,
0.07,0.79,0.84,0.25,0.25,0.1,-0.44,-0.92,0.13,-0.37,0.9,-0.73,0.68,0.55,0.5,-0.46,0.6,-0.25,0.83,-0.49,-0.25,0.26,-0.59,0.51,0.12,-0.05,-0.08,-0.43,0.42,0.07,
-0.7,-0.98,0.74,0.26,0.47,0.9,-0.43,-0.94,0.06,-0.42,0.7,-0.28,0.65,0.74,0.8,0.38,-0.27,-0.62,0.51,0.85,-0.85,-0.49,0.68,0.96,-0.42,0.03,-0.3,0.05,0.05,-0.35,
0.48,0.26,-0.36,0.65,0.88,-0.42,0.38,-0.76,0.6,-0.79,0.7,0.95,-0.77,0.25,0.47,0.49,-0.38,-0.74,0.39,-0.54,0.01,0.73,-0.85,0.93,0.96,-0.08,0.8,-0.42,0.89,-0.99,
