-0.49,0.06,-0.44,-0.8,-0.4,-0.8,-0.65,-0.94,0.44,0.45,-0.21,-0.12,0.3,-0.04,-0.1,0.01,
0.45,0.32,-0.65,0.76,-0.33,-0.99,-0.62,0.91,-0.48,0.13,-0.46,0.05,-0.41,-0.62,-0.89,-0.39,
0.03,0.61,-0.24,-0.47,-0.95,0.87,0.58,-0.49,-0.54,0.77,0.09,-0.09,0.11,0.33,0.63,-0.19,
0.76,0.63,0.83,0.88,-0.83,0.77,-0.37,-0.16,-0.75,0.95,0.93,-0.2,0.94,0.98,0.26,-0.81,
0.54,-0.65,-0.2,-0.05,-0.33,-0.86,0.26,0.7,-0.31,-0.05,0.33,-0.19,0.21,-0.28,-0.9,0.14,
0.05,-0.03,0.57,0.26,-0.69,-0.91,-0.28,0.75,0.72,0.1,-0.91,0.43,0.22,0.19,-0.33,0.21,
-0.4,-0.77,0.8,-0.25,-0.88,-0.88,0.54,0.08,-0.31,-0.91,-0.37,0.14,-0.5,0.13,-0.69,0.36,
-0.14,0.66,-1,0.66,0.74,0.69,-0.98,-0.83,-0.32,-0.42,0.9,-0.87,-0.63,-0.91,0.71,0.92,
0.73,-0.78,-0.93,0.52,0.29,0.51,-0.01,0.2,-0.94,0.76,-0.98,-0.21,-0.36,-0.28,0.96,-0.43,
-0.62,-0.35,-0.62,0.79,-0.8,0.84,0.64,0.69,0.52,0.74,0.85,-0.26,-0.51,0.66,0.1,-0.7,
-0.87,-1,0.54,0.1,0.87,0.49,-0.75,0.74,-1,0.48,-0.93,0.51,0.17,0.89,0.83,0.03,
-0.52,-0.01,-0.77,0.97,0.62,0.03,-0.94,-0.29,-0.34,-0.65,-0.34,-0.3,0.84,0,-0.33,-0.47,
0.32,-0.39,0,-0.7,0.68,-0.85,-0.97,-0.86,-0.57,0.17,0.98,-0.58,-0.6,0.19,0.76,-0.9,
0.66,-0.95,-0.32,0.48,-0.91,0.58,-0.1,0.08,0.13,-0.19,0.6,-0.26,-0.83,0.49,0.31,0.49,
0.47,0.08,-0.14,-0.13,0.06,0.41,-0.91,-0.35,-0.44,0.46,-0.22,0.53,-0.51,0.43,0.36,-0.76,
0.43,0.25,-0.95,-0.11,0.51,-0.31,-0.22,0.75,0.97,0.6,0.88,-0.46,0.72,0.99,-0.71,0.56,
-0.92,-0.13,0.75,0.85,-0.85,-0.93,0.32,-0.06,0.57,0.65,-0.85,-0.18,0.43,-0.79,-0.05,0.71,
-0.73,-0.33,0.93,-0.97,-0.38,-0.24,-0.9,-0.2,-0.78,-0.12,0.25,0.68,0.21,0.55,-0.98,0.88,
0.96,-0.24,0.52,-0.79,0.93,0.81,0.96,0.49,-0.01,0.08,0.62,-0.76,-0.64,-0.59,-0.4,0.54,
-0.66,-0.83,-0.19,0.7,-0.71,0.38,0.99,0.75,0.56,-0.83,0.72,-0.9,0.52,-0.2,-0.75,-0.95,
0.6,-0.08,0.29,0.22,0.19,-0.54,0.68,-0.13,-0.65,-0.2,0.35,-0.36,0.91,-0.98,-0.21,0.9,
-0.24,0.89,0.4,-0.38,0.23,0.69,0.01,0.25,0.67,0.7,0.2,0.95,0.69,0.2,0.15,0.41,
0.79,-0.13,-0.27,0.76,-0.12,-0.57,-0.43,-0.57,0.47,-0.12,0.33,-0.16,0.2,-0.02,-0.9,-0.31,
-0.99,-0.27,-0.65,-0.84,-0.02,0.67,0.07,0.69,-0.13,-0.96,0.86,0.4,-0.08,-0.59,0.68,0.82,
0.96,0.48,0.76,-0.68,-0.86,0.64,0.43,-0.67,-0.15,0.1,-0.15,0.63,-0.53,0.35,-0.9,0.3,
0.85,0.23,-0.47,0.28,-0.11,0.17,0.21,0.96,0.16,0.51,-0.26,0.15,0.21,0.64,-0.53,-0.12,
-0.07,-0.63,-0.45,-0.67,0.2,0.21,-0.19,0.14,-0.68,-0.76,0.42,-0.62,-0.47,0.46,0.54,-0.1,
0.72,-0.33,0.39,0.88,-0.52,-0.42,0.85,-0.32,0.5,0.07,-0.53,-0.41,0.76,0.61,-0.76,0.93,
