0.74,-0.94,0.94,-0.97,0.87,-0.01,-0.25,0.05,0.08,0.8,0.8,0.52,-0.66,0.81,0.38,0.94,0.78,0,-0.8,-0.21,0.89,0.31,-0.16,-0.29,-0.22,-0.15,-0.39,0.7,0.14,-0.39,-0.4,-0.26,-0.49,0.07,0.64,-0.64,-0.23,-0.12,0.89,-0.97,0.41,-0.8,-0.39,-0.07,0.26,0.98,-0.66,0.14,-0.46,-0.4,
0.5,-0.34,-0.12,0.15,-0.25,-0.54,0.39,0.61,0.13,0.15,-0.24,-0.98,-0.21,-0.9,0.03,0.52,0.02,0.31,0,-0.22,-0.08,-0.01,0.83,0.9,-0.21,-0.41,-0.2,-0.83,-0.28,-0.56,-0.79,-0.44,0.95,0.52,0.73,0.92,0.4,0.78,-0.38,-0.17,0.56,0.12,0.44,0.89,0,0.83,-0.16,0.64,-0.43,-0.59,
0.28,-0.8,-0.83,0.15,0.56,-0.5,0.17,-0.9,0.78,-0.77,-0.69,0.75,0.61,0.75,0.26,0.27,0.62,-0.34,0.59,0.2,-0.21,0.87,-0.3,-0.91,0.69,0.12,0.66,0.7,-0.67,0.61,0.17,-0.4,0.93,0.72,0.23,0.06,0.63,-0.21,0.57,-0.2,-0.34,-1,-0.87,0.95,-0.99,-0.1,-0.88,-0.03,0.05,0.45,
-0.65,0.22,0.34,0.28,0.42,0.99,-0.72,0.53,0.7,0.38,0.02,-0.63,0.05,0.35,0.27,0.56,-0.41,-0.51,0.24,-0.53,-0.77,0.19,-0.42,0.71,-0.25,0.52,-0.48,0.93,-0.6,0.73,-0.84,-0.63,0.93,0.59,0.87,-0.8,-0.95,0.21,-0.02,0.37,-0.97,0.83,-0.74,0.13,-0.06,-0.53,-0.02,-0.63,-0.03,0.5,
-0.92,0.04,-0.16,-0.45,0.28,0.62,-0.68,0.59,0.4,0.96,0.28,0.16,-0.19,0.57,0.52,-0.28,-0.86,0.89,-0.74,0.92,-0.09,0.6,0.75,-0.02,0.91,-0.4,-0.09,0.98,0.7,-0.21,0,-0.16,0.97,-0.09,-0.88,0.26,0.9,-0.33,-0.39,-0.13,0.76,0.31,0.4,-0.71,-0.89,0.22,0.21,-0.41,0.44,-0.49,
0.82,-0.98,0.83,0.81,0.18,-0.66,0.96,0.04,0.13,0.95,-0.28,-0.51,-0.79,0.76,-0.08,-0.68,-0.14,-0.86,-0.49,0.83,0.21,0.37,-0.52,0.81,-0.55,0.6,-0.14,-0.48,0.32,-0.18,-0.21,0.76,-0.75,0.94,0.83,0.7,0.3,-0.61,-0.43,-0.09,0.83,-0.06,-0.34,-0.79,0.71,0.88,0.09,0.74,0.63,-0.86,
0.19,-0.86,-0.95,-0.96,0.32,0.87,0.23,-0.3,-0.51,-0.65,-0.92,0.65,-0.88,0.55,0.46,0.49,-0.35,-0.71,-0.44,-0.11,-0.62,0.51,0.98,0.6,0.13,-0.67,0.19,-0.61,0.13,0.82,0.38,0.67,-0.66,-0.04,0.2,-0.92,0.49,0.74,-0.79,-0.7,0.82,0.99,-0.39,-0.09,-0.52,-0.41,-0.91,-0.71,0.66,-0.37,
0.38,-0.11,-0.8,-0.98,0.98,0.36,0.1,0.66,-0.44,0.77,-0.86,0.77,-0.88,-0.12,-0.64,-0.96,0.71,-0.63,0.37,-0.17,-0.32,-0.12,-0.08,-0.61,0.65,0.72,-0.59,0.21,-0.76,-0.91,-0.37,-0.52,-0.92,0.02,-0.03,0.8,-0.06,0.1,-0.21,0.64,0.67,0.47,0.1,-0.39,-0.03,-0.59,-0.71,0.47,0.18,-0.64,
-0.83,0.49,-0.05,0.4,0.88,-0.48,-0.55,-0.52,0.29,-0.47,0,0.05,0.23,-0.68,0.22,-0.44,0.82,-0.21,-0.62,-0.81,-0.86,0.46,0.24,-0.48,0.11,-0.73,-0.6,-0.02,0.49,0.42,0.76,-0.88,0.57,-0.81,-0.93,-0.09,-0.56,0.1,-0.12,-0.77,-0.06,-0.77,0.28,0.81,-0.51,0.26,-0.45,-0.6,-0.65,-0.59,
0.91,-0.3,0.7,-0.34,0.58,0.24,0.79,-0.82,-0.99,0.8,-0.32,-0.97,0.54,0.01,-0.22,0.32,0.88,-0.4,0.33,0.17,-0.65,0.94,-0.58,-0.46,-0.66,-0.22,0.79,-0.48,-0.21,-0.31,-0.67,0.96,0.21,-0.77,0.7,0.14,0.89,-0.08,0.2,-0.32,-0.87,0.82,0.87,-0.5,-0.17,-1,-0.9,0.45,-0.79,-0.6,
-0.05,-0.19,-0.43,0.85,-0.8,-0.8,0.54,0.48,0.12,-0.04,0.87,-0.45,0.98,-0.38,-0.32,0.43,-0.28,0.15,-0.01,0.79,0.28,0.59,-0.88,0.12,0.04,0.41,-0.48,-0.32,0.39,-0.66,0.7,-0.95,-0.66,0.14,-0.6,0.14,0.95,-0.85,-0.03,-0.79,-0.84,-0.49,0.31,0.03,0.4,-0.92,-0.86,-0.56,-0.73,0.01,
-0.47,-0.67,-0.9,-0.72,-0.87,-0.09,0.88,-0.98,0.4,-0.43,0.27,-0.05,-0.95,0.09,-0.13,-0.05,-1,0.99,-0.51,0.84,-0.22,0.07,0.23,-0.56,0.5,0.48,-0.18,-0.43,-0.5,-0.83,0.55,0.36,0.82,0.34,-0.46,-0.65,0.69,0.5,0.36,0.62,-0.48,-0.84,-0.76,0.12,-0.33,0.12,0.88,0.45,-0.9,-0.53,
-0.55,-0.7,-0.41,0.25,-0.35,0.73,-0.87,0.18,0.27,0.87,-0.3,0.63,-0.92,0.23,0,0.23,0.32,-0.8,-0.6,0.29,0.14,-0.79,0.8,-0.44,0.25,-0.8,0.75,0.56,-0.25,-0.84,0.66,0.95,-0.05,0.07,0.65,0.08,0.38,0.72,-0.61,-0.62,0.97,0.24,0.46,0.96,0.38,0.36,-0.85,0.67,0.64,0.82,
0.29,-0.15,0.16,0.47,-0.57,0.45,0.09,-0.24,0.82,0.95,0.46,0,-0.81,0.78,-0.05,-0.46,-0.94,-0.37,-0.62,0.79,0.09,-0.09,0.95,-0.47,-0.44,-0.25,0.61,0.49,0.28,0.95,-0.46,0.7,-0.24,-0.19,0.72,0.8,-0.5,-0.16,0.7,-0.44,-0.09,-0.07,-0.33,0.88,-0.18,-0.48,0.89,-0.38,0.58,-0.86,
-0.07,-1,-0.38,0.25,-0.59,0.42,0.17,0.69,0.57,-0.25,0.59,0.34,0.86,-0.11,-0.02,-0.71,-0.56,0.27,-1,0.68,-0.81,0.2,0.72,-0.44,-0.95,-0.18,0.54,-0.91,0.69,0.8,-0.23,-0.75,-0.69,-0.89,-0.09,0.81,0.66,-0.53,0.55,-0.4,-0.22,0.62,0.55,-1,0.6,0.93,0.87,-0.5,-0.09,0.33,
0.82,0.49,0.12,-0.48,0.37,0.74,-0.12,-0.24,-0.4,-0.02,0.8,-0.6,0.86,-0.59,-0.56,-0.38,0.48,0.61,0.24,-0.93,0.38,0.74,0.01,0.93,-0.8,-0.59,0.28,-0.1,-0.3,0.11,0.05,0.82,-0.57,0.47,0.93,-0.81,0.07,-0.22,0.47,-0.89,0.52,-0.7,0.08,0.93,0.89,0.17,0.25,-0.68,0.76,0.32,
0.78,-0.12,0.38,-0.85,0.04,-0.74,0.16,-0.66,0.55,-0.22,0.88,0.88,-0.23,-0.1,-0.44,0.39,0.18,0.1,-0.58,0.45,0.76,0.91,0.33,-0.54,0.62,-0.19,0.59,-0.79,-0.36,0.76,-0.6,-0.17,0.77,0.68,0.7,0.65,0.69,-0.17,0.92,-0.18,-0.13,0.39,-0.16,-0.26,-0.03,0.45,0.8,0.64,0.59,0.66,
-0.23,-0.7,-0.3,0.59,-0.33,0.44,0.99,0.26,-0.52,0.3,0.83,0.83,-0.01,0.36,0.51,0.84,0.54,-0.82,0.02,0.25,-0.41,-0.51,-0.78,-0.26,-0.21,-0.69,0.56,0.71,0.04,0.59,-0.64,-0.2,-0.79,0.97,0.89,-0.39,-0.24,-0.78,0.53,-0.91,0.75,-0.65,-0.28,-0.87,-0.66,0.06,-0.55,-0.12,0.87,-0.86,
-0.51,0.52,0.15,-0.04,-0.62,0.39,0.32,-0.22,0.74,-0.37,-0.64,-0.82,-0.78,0.35,0.21,0.26,0.25,-0.53,-0.63,0.04,0.14,-0.74,-0.95,0.04,-0.15,-0.74,0.48,0.37,0.87,-0.13,-0.95,0.67,-0.52,-0.73,0.84,0.1,-0.03,0.42,-0.24,0.32,-0.6,0.5,0.75,-1,-0.65,-0.02,-0.98,0.38,0.34,0.34,
0.21,0.4,-0.84,-0.35,-0.91,-0.18,0.08,0.89,0.38,0.66,0.22,0.11,0.83,-0.93,0.09,0.92,0.15,-0.25,0.73,-0.89,-0.13,-0.33,0.36,-1,0.14,-0.46,0.08,-0.12,0.28,0.68,-0.91,0.78,-0.14,0.8,-0.55,-0.07,0.32,0.28,0.27,0.03,0.23,0.28,-0.92,-0.94,-0.58,0.74,0.03,0.49,-0.56,0.68,
0.96,-0.75,-0.88,0.94,0.51,0.49,0,0.98,0.62,0.14,-0.98,0.29,-0.64,0.71,0.8,-0.05,-0.69,-0.28,0.57,-0.9,-0.07,-0.59,-0.2,-0.85,-0.45,-0.63,-0.31,-0.82,-0.31,-0.89,-0.66,-0.4,-0.95,0.22,0.4,0.37,0.33,-0.96,-0.94,-0.29,-0.41,-1,0.68,0.07,0.36,-0.6,0.8,0.26,0.28,0.44,
0.81,0.77,0.9,0.77,0.77,-0.48,-0.15,-0.4,-0.35,-0.31,0.45,-0.1,-0.3,-0.13,-0.77,-0.8,0.34,-0.99,-0.01,0.75,0.27,0.77,-0.83,0.62,0.48,-0.92,0.66,-0.49,0.49,-1,-0.69,-0.94,0,-0.49,-0.34,-0.13,-0.95,-0.78,0.72,0.79,-0.31,0.66,-0.66,-0.98,-0.37,-0.9,-0.08,0.6,-0.01,-0.35,
-0.69,0.4,0.84,0.49,-0.33,-0.36,-0.01,0.44,0.08,0.38,0.77,-0.55,0.56,-0.58,-0.11,0.39,0.69,0.89,-0.87,-0.31,0.7,0.21,0.94,0.98,0.04,-0.01,-0.86,-0.17,0.31,-0.31,-0.9,-0.11,-0.89,0.16,-0.11,0.77,0.52,0.93,-0.44,0.37,0.48,-0.62,0.41,0.82,-0.37,0.55,0.96,-0.46,0.79,-0.03,
-0.6,0.7,0.85,-0.68,0.28,-0.08,0.55,0.72,0.79,0.97,-0.56,-0.39,-0.8,0.78,0.17,-0.77,-0.27,0.84,0.7,-0.78,-0.76,-0.07,-0.96,0.9,0.79,-0.43,-0.36,-0.97,0.43,-0.78,0.44,0,-0.85,0.24,0.36,-0.22,-0.7,-0.76,0.87,-0.22,0.41,0.25,0.19,0.02,0.21,0.47,-0.37,0.8,-0.36,0.19,
-0.36,0.75,-0.46,-0.4,0.58,0.08,-0.49,0.85,-0.45,0.28,0.92,-0.18,-0.6,-0.45,0.62,-0.73,0.91,-0.88,-0.63,0.46,-0.99,0.45,0.72,-0.87,0.56,0.45,-0.2,0.88,-0.76,0.49,0.44,0.92,0.62,0,0.68,-0.08,-0.43,-0.3,0.09,-0.65,-0.88,-0.41,-0.21,-0.18,0.79,-0.13,-0.12,-0.6,0.02,0.37,
0.24,-0.41,-0.41,0.41,-0.99,-0.4,0.4,-0.7,-0.98,0.74,0.11,-0.76,-0.14,-0.58,0.04,-0.07,0.58,-0.37,0.16,-0.06,0.27,-0.27,0.91,0.48,0.49,0.19,0.37,-0.37,-0.03,0.13,0.01,-0.53,0.4,0.7,-0.74,-0.35,-0.16,-0.02,-0.63,0.49,0.34,-0.12,0.34,0.34,-0.79,-0.3,-0.5,-0.59,-0.35,0.88,
-0.51,-0.02,-0.96,0.62,0.37,0.95,-0.83,0.28,0.55,-0.87,-0.86,0.29,0.72,-0.48,-0.24,0.67,-0.38,-0.77,0.96,-0.12,0.28,0.82,0.64,-0.42,-0.32,0.51,-0.97,-0.97,-0.28,0.13,-0.67,-0.72,0.99,0.38,0.3,0.58,0.36,-0.45,-0.88,-0.38,-0.93,0.07,0.91,-0.39,-0.89,-0.82,0.97,-0.49,-0.68,0.89,
-0.26,-0.87,-0.87,0.92,0.9,0.88,-0.83,-0.58,0.76,-0.03,-0.42,-0.62,0.09,0.18,-0.54,0.76,-0.82,-0.22,-0.39,0.05,-0.38,-0.53,0.67,0.19,-0.01,0.83,-0.34,-0.05,-0.61,-0.71,0.58,0.08,0.09,-0.42,-0.63,0,0.78,0.99,0.57,0.53,-0.55,0.04,-0.84,-0.79,-0.78,-0.58,-0.7,0.38,0.07,-0.99,
-0.99,-0.59,0.42,0.25,0.05,0.22,-0.97,0.58,-0.35,0.87,-0.51,0.25,0.38,-0.08,0.18,0.97,-0.38,0.78,-0.28,-0.82,-0.44,0.22,-0.98,0.05,0.3,-0.35,-0.97,0.28,-0.05,0.94,0.89,0.67,-0.42,0.43,0.33,-0.52,0.27,0.31,0.58,0.46,-0.12,-0.12,0.79,0.4,-0.73,-0.39,0.41,0.36,-0.66,-0.18,
-0.11,-0.46,0.54,0.34,-0.38,0.39,0.37,0.85,0.25,-0.83,-0.19,0.74,0.86,-0.19,0.86,0.79,0.86,0.1,0.03,-0.4,-0.55,-0.64,0.28,-0.96,0.9,-0.83,-0.52,0.66,-0.59,0.06,0.12,-0.08,0.89,0.22,-0.49,-0.95,-0.98,0.42,0.55,-0.16,-0.64,0.56,-0.72,-0.13,-0.28,-0.3,0.84,-0.95,0.98,0.53,
-0.33,0.95,-0.36,-0.89,0.27,0.69,-0.18,-0.88,-0.41,-0.68,0.07,0.72,0.03,0.03,-0.33,-0.46,-0.48,-0.13,-0.15,-0.89,-0.83,-0.81,-0.77,-0.9,0.77,0.4,-0.53,0.26,0.71,-0.4,0.04,0.28,0.22,-0.43,0.1,-0.85,0.43,0.65,-0.7,-0.06,0.47,-0.81,-0.5,-0.15,0.69,-0.64,0.64,-0.42,0.55,-0.96,
-1,0.37,0.08,0.02,-0.54,-0.83,-0.7,0.11,0.36,0.7,-0.55,-0.27,0.13,-0.32,-0.32,-0.3,0.67,0.21,0.18,0.61,-0.17,0.42,0.68,-0.45,0.75,0.65,0.49,-0.73,0.91,-0.45,0.93,0.15,0.94,-0.92,-0.41,-0.39,-0.9,0.31,0.24,0.82,0.55,-0.51,-0.47,-0.08,-0.91,0.48,-0.99,0.3,-0.23,-0.36,
0.74,0.8,0.29,0.8,0.06,0.08,0.05,0.89,0.31,0.32,-0.63,0.4,0.67,0.17,-0.64,-0.27,0.81,-0.2,0.23,-0.2,0.64,0.7,-0.61,0.39,0.95,0.81,-0.53,0.52,-0.11,-0.31,-0.31,-0.96,0.5,0.68,0.99,0.76,-0.19,0.14,0.93,0.32,0.87,-0.69,-0.39,-0.43,0.71,-0.58,-0.78,0.39,0.08,-0.06,
0.68,-0.62,0.8,0.63,-0.16,0.44,-0.85,0.64,-0.4,-0.2,-0.72,0.5,0.7,0.66,0.65,-0.17,-0.71,0.79,0.09,0.44,-0.86,0.94,-0.95,-0.16,-1,0.27,-0.29,-0.74,0.67,-0.22,0.83,0.6,0.38,0.59,0.1,-0.83,0.48,-0.03,-0.91,0.44,-0.13,-0.23,0.14,-0.86,-0.42,0.01,0.57,-0.22,0.64,-0.88,
0.42,-0.93,-0.35,-0.29,0.21,-0.58,-0.06,0.49,0.93,0.41,-0.85,0.23,0.65,-0.14,0.29,-0.25,0.53,-0.72,-0.64,0.57,0.53,-0.5,0.05,-0.06,-0.25,0.01,-0.31,-0.11,-0.55,0.53,0.56,0.8,-0.72,0.83,-0.98,0.88,0.19,-0.58,-0.06,0.31,-0.33,0.62,-1,-0.99,0.68,0.68,0.8,-0.76,-0.96,-0.09,
0.19,0.81,0.75,-0.74,-0.99,0,0.03,0.87,0.32,0.39,0.97,0.32,0.96,0.61,-0.53,0.52,-0.28,-0.68,0.67,0.4,-0.12,0.3,-0.48,-0.66,0.75,-1,0.83,-0.78,0.71,-0.36,0.29,-0.93,0.87,0.83,0.15,-0.92,0.04,-0.31,-0.06,0.52,0.66,0.53,-0.39,-0.13,-0.47,-0.15,-0.21,-0.66,-0.88,0.16,
-0.51,0.44,0.41,0.44,0.08,0.73,-0.77,0.04,-0.18,-0.53,-0.45,-0.1,0.59,0.44,-0.44,-0.22,0.66,-0.88,-0.54,-0.4,-0.27,0.79,0.81,-0.39,-0.63,-0.51,0.99,0.2,0.73,0.48,0.81,-0.86,-0.7,0.17,0.25,-0.12,-0.09,0.95,-0.86,-0.74,-0.43,0,0.92,0.83,-0.14,-0.22,0.67,0.35,0.98,-0.23,
0.7,-0.62,-0.06,-0.78,0.74,0.91,0.73,0.31,-0.19,0.85,0.03,-0.45,0,-1,0.24,-0.23,0.2,-0.53,0.92,0.24,-0.24,-0.63,0.49,-0.78,-0.15,-0.06,0.74,-0.83,-0.84,0.24,-0.64,0.65,0.88,0.49,0.51,0.35,-0.96,-0.38,0.33,-0.31,0.87,0.36,-0.53,0.79,0.76,-0.98,-0.08,-0.78,0.4,0.91,
0.01,-0.53,0.62,-0.26,0.08,-0.26,-0.93,-0.77,-0.53,0.04,0.22,0.4,-0.83,-0.82,-0.39,-0.52,0.94,0.11,-0.16,-0.1,-0.39,-0.85,-0.86,0.81,0.15,-0.12,-0.9,0.14,0.51,-0.91,0.16,0.99,0.06,-0.38,-0.84,-0.37,-0.93,-0.97,0.41,-0.18,-0.03,-0.08,0.66,-0.93,-0.73,-0.31,0.17,-0.29,-0.51,-0.87,
-0.11,-0.17,-0.46,0.13,0.3,0.37,0.81,-0.54,-0.74,-0.74,-0.09,-0.54,-0.54,0.28,-0.07,-0.37,-0.63,0.98,-0.7,0.44,0.44,0.6,0.16,0.65,0.15,-0.22,-0.64,0.01,-0.73,-0.02,-0.66,0.07,0.77,-0.18,-0.78,0.54,-0.54,-0.02,-0.81,0.24,0.35,0.86,-0.42,-0.4,0.06,0.44,-0.85,-0.49,-0.51,-0.37,
-0.5,-0.84,-0.2,-0.76,0.28,-0.89,0.3,-0.36,0.95,-0.8,0.68,-0.82,0.67,0.27,-0.64,-0.14,-0.78,0.87,0.79,0.71,0.03,0.64,-0.91,0.04,-0.89,-0.31,0.78,0.29,-0.76,0.29,-0.3,-0.28,0.45,-0.72,-0.48,0.87,-0.47,-0.78,-0.42,0.09,0.03,0.84,-0.4,0.03,0.67,-0.9,-0.89,-0.13,0.99,-0.24,
0.2,0.05,0.04,0.72,0.13,-0.14,0.89,0.35,0.15,-0.57,0.04,0.39,-0.66,-0.33,-0.15,-0.96,-0.96,0.03,0.48,-0.07,-0.24,0.81,-0.9,0.7,-0.38,-0.69,-0.5,0,0.34,-0.22,-0.93,-0.55,0.02,0.98,0.58,0.65,-0.69,-0.33,-0.82,-0.17,-0.84,-0.47,0.04,-0.77,0.73,0.84,0.16,0.6,-0.75,0.1,
0.31,0.22,-0.84,0.45,0.15,-0.58,-0.94,-0.72,-0.68,0.41,0.96,-0.26,-0.12,0.98,-0.72,-0.43,0.69,0.9,0.39,-0.92,0.37,0.53,0.82,0.75,0.74,0.27,-0.6,-0.79,0.04,0.6,0.07,0.2,0.56,-0.57,-0.71,0.28,-0.02,0.84,0.33,0.65,0.61,-0.87,0.82,0.87,0.29,0.26,0.15,-0.65,0.05,-0.99,
0.39,0.32,-0.66,0.37,0.6,-0.35,-0.4,-0.36,0.46,0.4,0.6,0.23,-0.19,-0.09,0.73,0.93,0.31,-0.49,-0.13,0,-0.41,0.23,0.17,-0.33,0.95,-0.74,-0.99,-0.21,0.15,-0.73,0.02,-0.8,0.54,0.91,-0.55,-0.18,0,0.64,-0.92,0.57,-0.4,-0.07,0.47,-0.1,0.24,-0.75,-1,0.48,0.24,0.61,
0.62,-0.23,-0.29,-0.4,0.8,-0.44,0,0.9,-0.74,-0.13,0.23,-0.91,-0.76,-0.28,0.34,-0.35,-0.42,0.9,-0.74,-0.13,0.32,-0.39,-0.94,-0.38,-0.57,-0.79,0.16,0.38,-0.81,0.15,0.01,-0.98,0.15,-0.71,-0.02,-0.17,-0.06,0.4,-0.84,0.11,-0.97,0.35,0.4,0.01,-0.29,-0.47,0.83,-0.73,-0.59,-0.89,
0.07,-0.42,0.75,0.99,0.99,0.93,0.75,-0.08,0.12,-0.48,0.12,0.44,-0.51,-0.86,-0.42,-0.18,-0.57,0.73,-0.97,0.43,-0.76,-0.87,-0.16,-0.7,0.41,-1,0.07,-0.73,0.99,0.48,-0.9,0.86,-0.53,0.17,-0.2,0.01,-0.2,0.89,0.83,0.35,-0.92,-0.59,-0.06,-0.83,0.74,-0.38,-0.85,-0.8,-0.49,-0.4,
-0.49,0.29,0.56,-0.51,-0.31,-0.7,0.11,-0.83,0.97,-0.02,-0.65,-0.07,0.34,0.07,-0.71,-0.51,-0.43,0.65,-0.2,0.87,-0.73,-0.63,0.41,0.84,0.09,-0.13,-0.24,-0.91,-0.73,-0.87,0.06,-0.21,-0.21,-0.03,0.39,-0.34,0.74,-0.55,0.37,-0.28,-0.65,-0.67,0.01,0.16,-0.41,-0.47,-0.94,-0.55,-0.19,0.92,
0.52,0.78,-0.89,0.36,-0.77,0.78,-0.63,0.78,-0.56,0.44,-0.16,0.16,-0.69,0.82,-0.07,0.53,0.9,-0.27,-0.37,0.09,-0.8,0.98,0.82,0.77,0.01,-0.24,-0.82,-0.42,-0.27,-0.18,-0.76,-0.47,0.44,0.22,0.27,-0.46,-0.31,0.9,-0.78,0.13,0.58,-0.51,-0.09,0.04,-0.74,-0.02,0.35,0.99,0.48,0.09,
0.84,0.72,-0.69,0.7,0.67,-0.26,-0.41,-0.5,0.56,-0.28,0.67,-0.93,0.58,0.9,-0.45,-0.33,0.11,-0.28,-0.6,0.72,-0.6,0.26,-0.43,-0.94,0.69,0.38,0.65,-0.66,-0.25,0.79,-0.54,-0.3,-0.03,0.7,0.48,-0.88,0.8,-0.64,0.58,0.52,0.35,-1,-0.36,-0.16,0.23,0.45,-0.55,-0.06,-0.48,-0.15,
0.67,-0.48,-0.01,0.11,0.34,-0.45,0.88,-0.98,0.25,-0.94,-0.49,-0.93,-0.97,0.16,-0.49,0.29,-0.12,0.25,-0.53,-0.85,-0.3,0.17,-0.31,-0.98,0.47,0.53,-0.77,0.99,0,-0.9,-0.16,0.11,0.23,0.35,-0.93,0.41,-0.24,0.62,0.02,-0.04,0.65,-0.21,0.01,0.62,0,-0.28,-0.32,0.59,0.49,-0.48,
0.59,-0.02,-0.72,0.45,0.8,-0.47,-0.6,0.67,-0.42,0.04,-0.75,0.51,0.92,0.88,0.24,-0.96,-0.96,0.84,0.24,0.61,0.1,0.07,-0.26,-0.4,-0.41,0.31,-0.28,0.85,-0.06,0.58,0.95,-0.19,0.72,0.75,0.2,0.96,0.82,0.87,0.44,-0.79,0.33,-0.88,-0.45,0.82,0.77,0.73,0.21,0.24,0.3,0.52,
-0.87,-0.25,0.95,-0.55,0.91,0.33,-0.4,-0.65,-0.51,0.99,0.19,0.08,0.69,0.17,0.73,-0.96,-0.11,-0.37,0.3,0.54,0.63,-0.08,-0.54,0.78,0.07,0.26,-0.79,-0.26,-0.9,0.98,-0.1,-0.8,-1,-0.75,0.27,-0.32,-0.42,-0.02,0.04,-0.34,-0.24,0.55,0.85,0.46,0.2,-0.29,-0.16,-0.82,-0.92,-0.74,
-1,0.23,-0.92,0.62,0.98,0.32,-0.68,-0.29,0.58,0.23,0.28,0.14,-0.82,-0.95,0.33,-0.1,-0.51,0.93,-0.09,-0.72,0.91,0.52,-0.01,-0.48,0.46,-0.05,0.68,0.99,-0.76,-0.2,0.32,0.31,0.12,-0.46,0.36,-0.67,-0.46,0.68,0.64,-0.02,-0.01,0.36,-0.49,-0.68,-0.49,0.24,0.15,-0.86,0.29,-0.16,
0.47,-0.89,-0.83,0.89,0.5,0.54,-0.56,0.65,0.12,-0.95,0.45,0.28,0.5,-0.48,0.37,0.23,0.07,-0.19,-0.24,0.51,-0.69,0.82,-0.25,-0.2,-0.74,-0.03,0.58,-0.37,0.79,0.02,0.43,0.96,-0.42,-0.55,-0.86,0.12,0.48,0.5,-0.7,-0.82,-0.12,-0.66,-0.69,-1,0.33,0.24,0.33,-0.43,0.19,-0.44,
-0.02,0.85,-0.82,0.63,-0.68,0.48,0.82,-0.08,0.38,-0.54,-0.24,-0.84,0.55,0.71,-0.05,0.4,0.1,-0.74,0.1,0.59,-0.93,0.03,-0.27,-0.87,-0.34,0.05,0.14,-0.24,0,0.77,0.19,0.6,-0.22,0.73,0.33,0.38,-0.03,-0.88,-0.53,-0.51,0.58,-0.97,0.83,-0.45,0.09,-0.69,0.71,0.83,-0.67,-0.97,
0.4,-0.07,-0.03,0.56,0.87,-0.21,0.3,0.55,0.49,0.3,0.56,-0.48,0.53,0.69,0.46,-0.39,0.43,0.69,-0.54,0.36,-0.72,0.76,0.16,-0.72,-0.33,0.68,-0.71,-0.75,-0.94,-0.94,-0.21,0.55,0.97,0.28,0.31,-0.67,0.89,0.43,-0.92,0.66,0.17,0.45,-0.3,0.36,-0.86,0.37,-0.71,-0.77,0.37,0.79,
-0.61,0.36,-0.31,0.62,-0.57,-0.1,-0.11,-0.23,-0.41,0.53,0.58,0.22,-0.28,0.94,-0.67,-0.67,-0.39,0.42,0.44,0.01,-0.9,-0.1,0.23,-0.38,-0.1,-0.63,-0.71,-0.34,0.51,-0.56,0.62,0.81,0.48,0.79,-0.09,-0.29,-0.34,0.89,0.28,0.25,-0.45,0.98,0.98,-0.82,0.73,0.35,-0.43,-0.93,0.51,-0.58,
-0.72,-0.43,-0.51,-0.22,0.26,-0.41,-0.84,0.89,-0.29,-0.01,0.04,0.4,0.23,-0.75,0.33,0.87,0.9,-0.87,-0.49,0.01,0.93,-0.84,-0.74,-0.98,0.64,-0.37,-0.64,-0.33,-0.95,0.07,-0.51,0.18,0.51,-0.08,-0.62,-0.41,-0.21,-0.61,-0.03,-0.3,-0.81,0.25,0.44,0.99,0.48,-0.54,0.3,0.66,0.97,0.42,
0.89,-0.66,0.8,-0.13,-0.1,0.55,-0.91,0.99,-0.13,-0.22,0.64,-0.8,0.87,0.7,-0.96,0.01,0.51,-0.43,0.57,-0.66,-0.41,-0.51,-0.42,-0.53,-0.05,-0.88,0.56,0.17,0.63,0.81,-0.11,-0.75,-0.92,-0.33,0.76,-0.67,-0.11,0.7,-0.48,-0.16,-0.88,0.6,0.51,0.3,0.1,0.18,-0.83,0.88,0.66,-0.28,
0.93,-0.95,0.84,0.51,0.15,-0.59,-0.23,0.72,0.23,-0.72,-1,0.75,-0.19,-0.93,0.32,-0.5,-0.06,0.1,0.41,0.11,0.58,-0.79,0.33,0.77,-0.31,-0.55,0.44,0.38,-0.77,0.38,-0.43,0.04,-0.89,-0.29,0.98,0.81,-0.77,-0.33,0.78,-0.21,-0.82,0.41,0.62,-0.14,0.98,0.74,0.86,0.33,0.01,-0.61,
-0.52,0.3,0.98,0.55,0.04,0.93,-0.53,-0.62,-0.98,-0.79,0.01,-0.22,-0.02,-0.12,-0.42,0.84,-0.21,0.34,0.58,0.58,0.5,0.65,0.29,-0.92,0.83,-0.68,0.36,-0.36,0.6,0.73,0.9,0.31,0.28,-0.02,0.17,0.09,0.43,0.43,0.73,0.08,0.09,0.84,-0.32,-0.2,-0.04,-0.66,-0.3,0.53,0.54,0.92,
0.67,0.61,0.13,0.66,-0.93,0.07,0.12,-0.46,0.98,-0.79,0.75,0.61,0.12,0.62,-0.85,-0.59,-0.02,0.87,0.69,0.64,-0.78,0.83,-0.61,-0.09,0.47,-0.36,0.55,0.48,0.13,-0.83,0.26,0.89,0.39,-0.32,0.16,0.22,-0.79,-0.52,-0.14,0.12,-0.04,-0.32,-0.45,-0.41,0.4,-0.31,-0.08,0.33,-0.3,0.02,
-0.7,0.68,0.62,0.52,-0.82,-0.7,0.39,0.59,0.78,-0.53,0.36,0.76,0.25,0.79,0.37,0.84,0.41,0.76,0.71,0.35,-0.84,-0.14,0.51,0.73,0.85,-0.03,0.06,-0.17,-0.77,-0.93,-0.35,-0.87,0.1,0.63,-0.81,0.66,-0.16,-0.59,0.47,-0.96,0.03,-0.89,-0.14,0.26,-0.14,-0.65,-0.34,-0.48,-0.95,-0.59,
-0.6,0.98,0.01,0.76,0.87,-0.52,-0.17,-0.24,-0.35,0.96,-0.44,-0.53,-0.1,-0.76,-0.43,0.96,-0.94,0.37,0.27,0.15,0.88,0.2,-0.35,0.27,0.93,-0.08,-0.35,-0.48,0.33,0.69,0.57,0.01,0.08,-0.69,-0.13,0.33,0.71,-0.46,0.35,-0.64,0.62,0.28,0.19,0.88,-0.75,-0.85,0.83,-0.79,0.98,0.38,
-0.18,0.34,-0.54,-0.98,-0.36,0.16,-0.83,-0.43,0.34,0.76,-0.73,-0.31,0.39,0.4,-0.92,0.53,-0.31,-0.7,0.12,0.58,-0.41,-0.51,-0.32,-0.36,0.24,-0.12,0.6,0.47,0.36,0.56,-0.43,-0.28,-0.95,0.28,-0.84,-0.74,-0.31,0.07,-0.61,0.34,-0.23,0.73,0.72,0.7,-0.67,-0.54,0,0.17,0.58,-0.73,
-0.1,0.76,0.69,-0.42,0.44,-0.89,0.99,-0.43,0.24,-0.09,-0.08,-0.74,0.03,-0.65,-0.05,-0.82,-0.65,0.44,0.42,-0.74,-0.01,-0.02,-0.7,0.64,0.67,-0.37,0.5,0.46,-0.69,0.3,0.48,-0.96,0.28,0.64,-0.52,0.45,-0.95,0.78,0.2,-0.44,0.2,-0.36,0.63,-0.77,-0.51,-0.49,0.38,0.39,0.42,0.89,
0.48,0.37,-0.4,0.17,0.77,-0.79,-0.16,0.89,-0.03,-0.99,-0.9,-0.68,-0.86,-0.43,0.54,-0.73,0.75,-0.4,0.96,-0.72,-0.21,-0.63,-0.42,-0.76,-0.06,0.79,-0.37,-0.59,0.01,-0.79,-0.1,0.36,0.19,-0.9,0.06,-0.77,0.18,0.36,0.41,0.63,-0.8,-0.25,0,-0.44,0.8,0.37,0.05,0.49,-0.68,0.88,
0.8,-0.43,0.16,0.68,0.54,-0.55,0.55,0.25,0.04,-0.16,-0.68,-0.94,0.66,-0.26,-0.84,-0.17,-0.13,-0.59,0.02,0.57,-0.13,0.13,0.58,0.04,-0.78,-0.36,-0.14,-0.14,-0.07,-0.12,0.62,0.85,0.82,0.53,-0.44,0.36,0.37,0.11,0.23,0.98,-0.8,0.25,0.63,0.92,0.71,-0.67,0.01,0.98,-0.67,-0.42,
0.59,0.79,0.89,0.12,0.19,0.6,-0.12,0.15,0.56,0.58,0.01,-0.86,-0.23,0.79,0.14,-0.63,0.69,-0.14,0.35,0.49,-0.61,-0.62,-0.79,-0.01,0.75,-0.35,-0.6,0.59,-1,-0.03,0.04,0.22,-0.97,0.23,0.81,0.42,0.75,0.14,-0.67,-0.78,0.27,-0.66,0.54,-0.54,0.53,-0.35,-0.85,-0.8,0.45,0.47,
0.23,0.66,-0.95,-0.79,0.68,-0.62,0.62,0.93,-0.45,0.4,-0.61,-0.72,0.17,-0.9,0.28,-0.39,0.03,-0.3,0.98,-0.2,-0.83,-0.65,0.17,-0.59,-0.81,0.77,0.98,0.4,-0.22,0.74,0.18,0.96,-0.86,0.81,-0.05,-0.09,0.2,0.02,0.01,0.38,0.65,0.74,-0.56,0.77,-0.21,0.93,-0.52,0.85,-0.56,0.33,
0.24,0.36,-0.43,0.93,0.99,0.01,-0.99,-0.87,-0.8,-0.24,0.9,-0.96,-0.58,0.72,-0.05,-0.77,-0.56,-0.69,0.87,0.48,-0.12,0.06,0,0.75,-0.63,-0.05,-0.13,0.03,0.53,-0.29,-0.08,0.49,-0.11,-0.33,0.61,-0.36,-0.78,0.8,0.16,-0.95,-0.4,-0.91,0.6,-0.95,-0.49,0.62,-0.05,0.66,0.87,-0.73,
0.37,-0.77,0,0.31,-0.4,0.98,-0.24,0.73,-0.71,-0.31,0.89,0.18,-0.54,0.17,-0.7,-0.75,0.6,-0.19,0.2,-0.29,-0.17,-0.54,0.56,-0.17,0.87,-0.99,0.95,-0.95,0.81,0.3,0.26,0.65,-0.33,-0.61,0.59,-0.73,-0.16,0.8,-0.84,0.72,-0.84,0.46,0.79,0.43,-0.9,-0.23,0.45,-0.99,0.43,-0.33,
0.11,0.5,-0.7,0.46,-0.55,-0.27,-0.04,-0.2,-0.59,0.98,0.3,0.77,-0.4,-0.62,-0.75,-0.31,0.07,0.31,0.57,-0.04,-0.91,-0.8,0.53,0.5,0.94,-0.49,-0.66,0.82,-0.33,0.88,0.89,0.1,-0.75,-0.19,0.26,-0.12,-0.68,0.97,0.35,0.23,-0.63,-0.47,0.26,0.17,0.57,-0.94,0.54,-0.52,0.35,-0.66,
0.67,-0.26,0.75,0.17,-0.69,0.62,-0.72,-0.69,-0.64,-0.69,0.97,0.15,-0.65,-0.09,0.76,0.12,-0.17,0.36,-0.49,-0.63,0.43,-0.26,-0.21,0.38,0.92,-0.31,0.13,-0.32,0.19,0.68,-0.9,0.46,0.77,0.47,-0.66,0.98,-0.65,-0.48,0.84,-0.06,0.76,-0.36,0.97,0.48,0.77,0.53,0.95,0.46,0.48,0.31,
-0.6,-0.18,-0.19,-0.33,-0.21,0.41,0.93,-0.66,0.6,-0.74,0.43,0.58,0.26,0.93,0.23,0.61,0.7,0.05,0.73,0.59,-0.86,-0.29,-0.77,0.38,0.65,-0.77,-0.38,-1,-0.75,-0.28,0.14,0.92,-0.39,0.88,-0.64,0.04,0.01,0.65,-0.68,-0.82,-0.42,-0.54,0.71,-0.35,-0.18,0.28,0.5,-0.21,-0.69,-0.56,
-0.24,0.76,0.9,0.77,0.52,0.16,0.96,-0.22,-0.97,-0.36,0.96,-0.66,-0.55,0.83,-0.48,0.14,0.53,0.76,0.21,0.39,0.58,0.12,0.03,-0.27,-0.58,0.37,-0.7,0.51,0.46,-0.34,-0.99,0.28,-1,0.61,-0.04,0.17,-0.87,0.1,-0.51,-0.45,-0.69,-0.26,-0.17,0.92,0.8,-0.19,0.07,-0.39,0.99,0.07,
-0.01,0.75,0.54,0.45,0.91,0.15,0.17,0.82,0.05,0.18,0.66,0.72,0.28,-0.96,-0.42,0.69,0.01,-0.89,0.95,-0.27,-0.46,0,-0.65,0.18,-0.22,0.3,-0.37,-0.96,-0.4,0.26,-0.69,0.46,-0.57,-0.59,0.49,0.99,0.79,-0.49,0.8,0.05,0.25,-0.63,-0.89,0.56,0.57,0.94,0.54,0.44,-0.81,0.71,
0.64,0.4,-0.66,0.95,-0.38,-0.9,0.57,-0.53,0.83,-0.81,-0.62,0.47,-1,-0.96,0.45,0.21,0.1,0.93,-0.75,-0.33,0.42,-0.67,0.53,-0.97,-0.44,-0.1,0.02,-0.84,0.83,-0.69,0.15,0.56,-0.44,-0.45,0.81,0.89,0.85,-1,-0.92,-0.99,0,-0.65,0.37,-0.71,-0.88,-0.1,0.1,-0.14,-0.54,0.27,
0.22,-0.19,-0.32,-0.05,0.74,-0.03,-0.86,-0.45,0.72,-0.04,0.62,0.65,-0.94,0.2,0.5,0.06,0.19,0.37,0.63,0.91,-0.61,0.98,0.81,0.42,-0.15,0.47,0.28,-0.34,0.28,-0.02,0.73,-0.18,0.59,-0.86,0.49,-0.9,0.14,-0.45,0.73,0.46,-0.2,0.6,-0.34,0.46,0.54,-0.07,0.99,-0.7,0.36,-0.35,
