-0.35,0.01,0.46,0.34,-0.73,-0.77,-0.2,-0.76,-0.98,0.45,0.18,0.07,-0.5,0.5,0.95,0.63,-0.69,0.9,0.32,-0.85,-0.29,-0.7,-0.81,-0.49,
-0.01,-0.74,-0.77,0.25,0.11,-0.15,-0.22,-0.72,0.89,0.84,-0.59,0.9,0.41,0.13,-0.13,0.86,-0.27,-0.62,-0.16,0.81,0.33,-0.65,0.15,-0.76,
0.72,0.52,-0.02,-0.51,0.77,0.11,0.65,-0.11,0.79,-0.96,0.02,0.27,0.89,-0.38,-0.65,0.31,-0.96,-0.15,-0.2,-0.23,0.46,0.08,0.83,-0.45,
0.87,0.52,0.65,-0.12,0.26,0.06,-0.54,0.07,-0.62,-0.74,-0.16,0.11,-0.66,-0.8,0.4,0.52,0.38,0.6,-0.58,-0.86,0.31,0.88,0.27,-0.48,
-0.24,-0.71,0.19,0.8,-0.5,0.1,0.76,-1,-0.27,0.99,-0.85,0.16,0.88,-0.98,0.25,0.95,-0.94,-0.34,0.38,0.52,0.14,0.57,-0.03,-0.06,
-0.03,0.88,0.73,-0.43,-0.18,-0.84,0.54,-0.21,0.26,0.43,-0.37,0.13,-0.72,-0.85,0.7,-0.3,-0.26,0.62,0.72,0.54,0.18,-0.09,0.51,0.22,
0.4,-0.92,-0.15,-0.16,-0.03,-0.19,0.55,0.25,-0.05,0.28,0.02,-0.74,-0.75,-0.11,-0.56,-0.49,-0.74,0,0.59,-0.07,0.61,0.12,0.97,0.6,
0.28,-0.98,0.48,-0.84,0.49,0.26,0.8,0.99,0.92,0.26,0.97,-0.09,-0.06,-0.27,-0.74,0.64,0.26,-0.71,0.82,-0.76,0.14,-0.92,-0.46,-0.42,
-0.6,-0.25,0.67,-0.67,-0.03,0.44,-0.18,0.17,-0.83,-0.46,0.33,0.92,0.85,0.87,-0.63,0.22,0.3,-0.35,0.2,-0.47,-0.41,0.72,0.83,0.14,
-0.32,-0.57,-0.25,-0.17,-0.97,0.64,0.04,-0.97,0.11,-0.79,-0.44,0.79,0.56,0.12,-0.19,0.03,-0.85,-0.77,-0.03,-0.04,0.7,-0.91,-1,0.71,
0.45,-0.49,-0.52,-0.18,-0.22,-0.57,0.61,-0.67,0.22,-0.03,0.6,0.72,-0.15,-0.62,0.36,-0.94,-0.91,-0.03,-0.91,-0.55,-0.74,-0.92,-0.6,0.97,
-0.52,0.24,-0.44,0.78,0.43,-0.11,-0.85,0.06,-0.86,-0.56,-0.16,0.22,-0.92,-0.63,-0.76,0.52,-0.28,-0.05,-0.82,0.21,-0.12,-0.3,-0.04,-0.64,
-0.16,0.69,0.86,0.42,-0.34,-0.85,-0.27,-0.77,-0.39,-0.86,-1,-0.47,0.54,-0.26,0.54,0.03,-0.34,0.48,0.8,-0.47,-0.91,-0.65,0.96,-0.77,
0.58,0.11,-0.17,-0.73,0.8,0.23,0.83,-0.25,-0.91,-0.26,-0.08,-0.22,-0.63,0.74,-0.49,0.25,-0.15,-0.79,-0.33,0.68,0.85,0.09,0.84,0.55,
-0.5,0.37,0.61,0.16,0.44,-0.95,0.98,-0.54,-0.65,-0.38,-0.34,0.22,-0.75,0.5,-0.71,-0.08,0.11,-0.7,0.1,-0.72,0.39,-0.88,-0.93,0.27,
0.06,-0.84,-0.28,-0.63,0.57,-0.74,-0.03,0,0.69,0.66,-0.66,-0.15,-0.53,0.38,0.09,-0.95,0.53,-0.61,0.51,0.03,-0.7,-0.7,-0.73,0.99,
0.04,0.57,0.68,0.7,0.72,0.54,-0.64,0.01,0.62,-0.92,-0.92,-0.97,0.58,-0.2,-0.15,0.63,-0.22,-0.75,-0.85,-0.99,-0.8,-0.49,0.06,-0.72,
-0.94,0.04,0.07,0.6,-0.64,0.96,0.28,0.97,-0.5,0.82,0.06,0.75,-0.6,0.44,0.62,-0.29,-0.22,0.16,0.14,0.78,0.15,0.83,0.65,0.85,
0.52,0.79,-0.67,-0.27,0.04,0.19,-0.08,0.31,0.47,0.29,-0.23,0.91,0.88,0.75,0.16,0.64,-0.29,-0.9,0.41,-0.17,0.5,0.49,-0.99,0.41,
0.98,0.65,-0.62,0.06,0.9,0.76,-0.84,0.16,-0.12,-0.33,-0.05,0.71,0.39,-0.29,-0.01,-0.9,-0.52,0.95,0.81,0.86,0.31,-0.84,-1,-0.7,
-0.31,-0.51,0.36,0.98,-0.84,0.29,-0.66,0.99,0.86,0.54,0.08,-0.73,0.17,-0.81,-0.22,-0.38,0.66,0.38,-0.83,-0.67,0.73,0.62,-0.13,-0.58,
0.96,-0.14,0.88,0.39,-0.16,0.59,-0.81,0.05,-0.96,-0.18,0.64,0.92,0.48,-0.62,-0.32,-0.86,-0.75,0.56,0.97,0.17,0.29,-0.37,-0.12,0.41,
0.54,0.43,-0.36,0.62,-0.15,-0.27,0.45,0.53,0.05,-0.03,-0.91,0.36,0.34,-0.65,-0.63,0.83,-0.14,-0.31,0.75,-0.66,0.31,0.13,-0.61,0.36,
-0.79,-0.82,-0.44,-0.51,-0.02,-0.47,0.41,0.55,0.07,0.47,-0.57,0.25,-0.71,0.39,-0.44,0.2,-0.63,-0.39,0.32,0.71,0.36,0.32,0.83,-0.94,
-0.18,0.08,-0.96,-0.1,-0.48,-0.47,-0.56,0.99,0.96,-0.71,-0.86,-0.39,0.68,-0.79,-0.71,-0.45,-0.66,0.81,-0.26,-0.4,-0.73,0.54,0.96,0.04,
0.77,0.85,-0.06,0.31,-0.81,0.96,-0.2,-0.68,-0.93,-0.64,0.2,0.29,-0.99,-0.53,-0.26,0.21,-0.05,0.49,0.09,-0.42,-0.18,0.58,-0.27,0.04,
0.28,0.58,0.18,0.98,0.36,-0.33,-0.94,-0.93,-0.07,0.18,-0.94,0.36,0.11,0.6,0.76,-0.64,0.66,0.68,0.81,0.51,0.36,-0.9,-0.83,-0.68,
-0.23,0.13,-0.05,0.77,0.22,0.44,0.51,0.52,-0.65,0.26,-0.46,0.39,-0.16,-0.12,-0.79,-0.77,-0.91,-0.49,-0.08,0.38,0.8,0.55,0.52,0.06,
0.83,-0.79,0.14,-0.79,0.23,-0.24,0.86,0.46,-0.36,-0.34,-0.32,0.2,-0.62,-0.8,0.78,-0.7,0.23,-0.24,-0.02,0.15,0.34,-0.51,-0.67,-0.45,
-0.32,0.13,0.2,-0.75,-0.75,0.62,-0.53,0.14,-0.66,-0.06,-0.69,0.69,0.92,-0.95,-0.08,0.61,-0.78,-0.77,-0.66,-0.43,0.51,0.46,0.51,-0.5,
0.14,-0.28,-0.82,-0.46,-0.44,-0.95,-0.97,0.9,-1,-0.6,0.39,-0.55,-0.45,-0.44,-0.39,0.48,0.5,0.85,0.17,-0.07,0.11,0.18,-0.61,0.88,
-0.59,-0.91,0.47,-0.82,-0.48,0.77,-0.92,0.08,-0.22,0.88,-0.77,-0.8,0.2,-0.63,0.46,0.66,-0.49,0.11,0.4,0.82,-0.21,-0.97,-0.74,-0.92,
