0.35,0.02,-0.67,-0.13,0.13,-0.62,0.12,-0.88,-0.43,-0.05,0.35,0.76,-0.45,0.98,-0.1,-0.09,-0.64,-0.14,-0.08,0.11,0.75,-0.85,-0.73,-0.92,0.5,0.26,-0.89,0.34,
-0.82,0.5,0.68,0.33,0.35,-0.79,0.92,-0.48,0.14,-0.18,-0.36,0.1,0.15,-0.3,0.18,0.98,-0.31,-0.6,0.91,-0.62,0.4,0.66,0.62,-0.34,-0.61,-0.84,-0.16,-0.68,
-0.63,-0.13,-0.15,-0.65,0.08,0.26,0.79,0.04,-0.92,-0.04,-0.55,0.68,0.94,-0.82,0.71,-0.53,-0.91,0.54,-0.79,0.56,-0.31,0.21,-0.83,0.06,-0.03,0.73,-0.59,-0.61,
0.04,0.14,0.48,0.55,0.08,0.93,-0.65,0.15,-0.17,-0.75,-0.38,-0.05,0.31,-0.38,0.53,-0.84,0.59,-0.93,0.78,0.82,-0.25,0,-0.24,-0.27,-0.64,0.52,-0.36,-0.05,
-0.72,0.39,0.3,0.89,-0.48,0.56,-0.74,-0.59,-0.74,-0.23,-0.15,0.92,-0.22,-0.38,-0.33,-0.73,0.36,-0.21,0.22,-0.69,0.96,-0.12,-0.09,-0.79,0.04,0.23,-0.01,-0.05,
0.97,-0.79,0.97,-0.24,-0.88,-0.43,-0.55,-0.38,-0.97,-0.94,0.28,-0.42,-0.2,-0.98,0.07,0.36,-0.62,0.98,0.69,0.88,0.1,0.71,-0.59,-0.96,-0.37,0.09,0.19,0.62,
0.13,-0.68,0.22,0.88,-0.54,0.93,0.74,-0.42,-0.5,-0.22,-0.17,-0.12,-0.8,-1,-0.07,-0.22,0.82,-0.12,-0.07,0.08,0.46,0.36,-0.2,0.37,0.01,0.87,0.19,0.1,
0.93,0.35,0.35,-0.54,-0.23,0.62,-0.11,-0.99,-0.45,-0.89,0.57,0.86,0.33,0.86,-0.1,0.89,-0.6,-0.73,0.29,0.72,-0.33,-0.77,-0.89,0.16,0.95,-0.08,0.76,0.4,
0.82,0.42,0.06,0.42,-0.43,-0.95,0.77,-0.51,0.25,-0.19,-0.68,-0.94,0.37,0.31,0.04,0.05,-0.22,0.58,0.96,-0.65,-0.29,-0.22,0.72,-0.78,0.27,0.52,0.17,0.6,
0.84,0.62,-0.99,-0.09,0.13,0.4,-0.24,-0.16,0.36,0.35,-0.85,-0.49,0.12,0.81,-0.04,0.94,-0.88,0.22,-0.91,-0.66,-0.07,0.29,0.43,-0.5,-0.36,-0.02,0.26,0.06,
0.16,0.14,0.8,-0.45,0.54,-0.49,-0.41,-0.37,-0.55,-0.46,-0.89,0.36,0.17,0.9,-0.12,0.31,0.19,0.51,-0.61,0.75,-0.61,0.91,0.58,-0.72,-0.27,-0.33,-0.39,0.8,
-0.25,0.33,0.28,-0.59,0.03,-0.87,0.5,0.39,-0.84,0.42,0.27,0.6,0.23,-0.57,-0.51,0.53,0.61,-0.91,0.63,-0.89,-0.19,-0.94,-0.62,0.79,0.87,0.3,0.13,-0.94,
-0.26,0.01,0.24,-0.44,0.06,0.86,0.12,0.46,0.23,0.46,-0.71,0.7,-0.41,0,-0.25,-0.78,0.79,-0.65,-0.95,0.76,0.71,-0.2,-0.58,-0.91,0.92,-0.42,-0.14,0.91,
-0.05,0.08,-0.75,-0.35,-0.58,0.5,0.9,-0.39,-0.74,-0.06,-0.21,-0.21,-0.71,-0.28,-0.69,0.57,0.79,-0.73,-0.6,0.28,-0.64,0.83,0.1,0.34,0.56,0,0.24,-0.14,
-0.99,0.8,-0.79,0.79,-0.88,-0.64,0.82,0.01,-0.22,0.66,-0.66,0,0.5,-0.89,-0.39,0.66,-0.28,0.75,0.58,0.95,0.11,-0.55,-0.05,0.28,0.1,0.65,0.82,0.05,
0,-0.24,-0.91,-0.98,0.18,0.39,0.01,0.35,0.61,0.38,0.36,0.46,0.77,-0.38,0.44,0.97,0.95,0.36,-0.41,0.05,-0.5,-0.6,0.2,-0.62,-0.36,-0.5,0.74,-0.96,
0.06,0.6,-0.16,-0.43,-0.74,0.28,0.61,-0.8,0.75,-0.69,0.65,-0.02,-0.93,0.82,0.75,0.67,-0.12,-0.23,0.92,-0.04,-0.4,0.09,0.67,0.58,-0.41,-0.58,0.83,-0.16,
-0.79,-0.84,-0.21,-0.23,-0.12,-0.95,0.6,0.12,-0.7,-0.44,-0.88,0.1,-0.73,0.45,0.64,0.02,0.18,-0.83,0.15,0.73,-0.46,0.79,-0.02,-0.08,0.43,0.87,-0.81,-0.39,
-0.16,0.17,-0.42,0.59,-0.93,0.61,0.76,0.7,-0.61,0.98,-0.26,0.4,0.54,0.01,0.22,0.42,0.55,-1,0.72,0.93,-0.95,-0.66,-0.96,0.41,0.05,-0.04,0.66,0.7,
-0.8,-0.99,-0.94,-0.76,0.01,-0.34,0.05,-0.31,-0.47,-0.47,-0.01,0.81,-0.28,-0.66,-0.98,-0.29,-0.25,-0.14,0.87,-0.79,-0.37,-0.24,0.72,0.4,0.89,-0.98,0.94,-0.55,
-0.03,0.57,-0.88,-0.33,0.08,0.27,0.59,0.17,0.41,-0.52,-0.32,0.11,-0.36,0.62,-0.21,-0.32,0.54,-0.34,0.04,-0.85,0.8,-0.56,0.35,-0.73,-0.22,0.81,0.32,0.66,
-0.07,0.03,0.65,0.01,0.12,0.77,0.4,-0.32,-0.37,-0.47,0.36,-0.78,-0.71,-0.13,0.06,0,-0.12,0.46,-0.89,0.69,-0.22,-0.88,0.89,-0.95,0.95,0.17,0.59,0.03,
0.84,-0.16,-0.64,0.13,0.18,0.63,-0.7,-0.69,-0.17,-0.95,-0.7,0.2,0.16,0.8,-0.36,0.53,-0.24,0.99,-0.07,-0.94,-0.24,-0.64,0.29,-0.82,0.24,-0.82,-0.21,0.28,
-0.12,0.95,-0.51,-0.65,0.26,0.84,0.48,-0.25,0.03,-0.46,-0.33,0.53,0.09,-0.85,-0.49,0.18,-0.96,-0.8,0.99,0.59,0.23,0.61,-0.47,0.47,0.57,-0.59,0.92,-0.13,
-0.33,0.88,0.83,-0.1,0,-0.22,-0.7,0.41,0.04,0.06,-0.16,0.02,-0.03,-0.77,-0.79,0.25,-0.97,0.13,0.13,0.09,-0.94,-0.73,0.01,-0.37,0.3,0.48,-0.76,0,
0.3,-0.84,0.6,0.54,-0.65,-0.43,0.9,-0.19,0.83,-0.56,0.59,0.1,-0.95,0.37,0.4,0.92,0.88,0.98,-0.95,-0.91,0.44,0.63,-0.5,-0.7,-0.25,-0.97,0.22,-0.09,
-0.84,0.29,-0.05,0.93,0.72,0.61,0.29,-0.35,0.18,0.21,-0.98,-0.86,-0.44,0.51,0.22,-0.3,-0.86,0.25,-0.71,-0.67,0.03,-0.49,-0.75,0.02,-0.02,-0.09,-0.96,0.69,
0.71,-0.41,-0.14,-0.67,0.25,-0.38,-0.98,0.06,-0.02,-0.8,0.55,0.34,0.93,-0.96,0.41,0.21,0.84,0.67,0.77,0.81,-0.34,-0.54,-0.55,-0.65,0.14,0.98,-0.09,0.71,
0.21,-0.49,0.05,0.34,-0.07,0.88,0.13,0.22,0.22,0.09,-0.35,-0.94,0.65,-0.18,-0.7,-0.85,-0.05,-0.09,0.41,0.86,-0.3,0.7,-0.57,-0.58,-0.42,0.41,0.65,0.24,
-0.37,0.68,-0.58,0.54,-0.06,0.95,-0.05,-0.47,-0.51,0.56,0.55,0.26,0.67,-0.46,-0.47,-0.53,-0.32,-0.18,-0.9,-0.39,0.17,-0.4,0.56,-0.2,0.95,-0.82,0.35,-0.77,
-0.22,-0.91,0.18,-0.86,-0.33,0.69,-0.15,-0.11,-0.11,-0.03,0.68,0.41,-0.12,-0.55,0.32,-0.55,0.39,0.43,0.8,-0.97,-0.52,0.97,0.2,-0.69,0.1,-0.42,-0.84,0.97,
0.74,-0.53,0.43,0.94,0.33,-0.58,0.74,0.03,0.85,-0.85,0.58,0.21,-0.67,0.99,0.31,-0.36,-0.34,-0.21,-0.07,-0.46,-0.21,0.54,-0.84,-0.33,-0.19,-0.83,0.1,-0.45,
-0.2,-0.5,0.39,0.43,0.68,-0.29,0.46,0.64,0.91,-0.35,0.27,-0.2,-0.85,0.72,0.32,0.62,-0.53,0,-0.93,-0.56,-0.54,0.6,-0.8,0.31,-0.17,-0.45,-0.61,0.18,
-0.14,-0.2,-0.63,0.95,-0.09,0.02,0.56,0.19,0.45,0.16,-0.04,0.09,-0.86,-0.39,-0.85,0.84,-0.71,0.11,0.43,-0.72,0.06,0.29,-0.62,0.22,0.97,0.71,0.3,0.86,
-0.3,-0.24,-0.49,0.58,-0.76,0.3,0.18,-0.8,-1,0.73,0.15,0.73,0.76,0.17,-0.27,-0.88,0.11,0.42,0.28,-0.59,0.08,0.53,0.27,-0.94,0.79,0.09,0.43,-0.11,
-0.7,0.01,0.04,-0.64,0.84,0.79,-0.73,0.37,0.26,0.57,-0.61,-0.66,-0.13,0.52,0.44,0.76,0.1,0.23,0.57,-0.1,-0.39,0.49,0.69,-0.03,0.4,0.29,0.16,0.86,
-0.1,0.92,-0.74,0.95,-0.02,0.91,-0.79,-0.67,-0.74,-0.48,-0.7,-0.03,0.69,-0.01,-0.5,-0.23,0.19,-0.14,0.55,0.86,-0.98,-0.4,-0.72,-0.68,0.9,-0.83,-0.43,-0.83,
0.16,0.11,-0.54,0.9,-0.14,-0.1,-0.93,-0.62,-0.75,0.22,0.6,-0.68,0.24,0.41,0.74,-0.72,-0.68,-0.96,0.34,-0.39,-0.75,0.19,-0.24,0.45,0.49,-0.65,-0.7,0.24,
0.86,-0.58,0.3,0.21,0.4,0.87,0.81,-0.17,-0.93,-0.56,-0.78,0.71,-0.9,-0.46,0.31,-0.73,0.57,0.6,-0.18,-0.57,0.72,-0.38,0.38,-0.35,0.88,0.23,-0.17,0.82,
0.18,-0.39,-0.25,-0.37,0.94,-0.84,-0.97,-0.19,-0.78,-0.78,0.86,0.29,0.5,0.25,-0.12,-0.66,-0.38,-0.75,-0.87,0.44,0.34,0.8,-0.02,0.73,-0.15,0.79,0.44,0.38,
0.85,-0.01,-1,0.13,-0.78,0,0.72,0.44,0.82,-0.08,-0.56,-0.12,0.75,0.59,0.23,-0.37,-0.97,-0.7,-0.97,0.87,-0.08,-0.15,-0.55,-0.84,0.5,-0.66,-0.54,-0.96,
0.06,-0.66,-0.69,0.36,-0.2,-0.94,-0.96,-0.58,-0.56,-0.77,-0.05,-0.99,-0.23,0.49,-0.31,-0.12,0.94,0.18,-0.11,-0.77,0.73,0.49,0.84,0.74,0.89,0.61,-0.63,-0.89,
-0.38,-0.84,0.98,0.74,0.8,0.24,0.11,0.79,-0.36,-0.63,0.81,-0.44,-0.91,0.82,-0.15,0.36,0.27,0.32,0.74,-0.21,-0.95,0.32,-0.87,0.83,0.33,-0.96,-0.04,0.62,
-0.84,-0.38,0.96,-0.67,-0.86,0.85,0.78,0.4,-0.42,0.52,0.28,0.95,-0.19,-0.94,0.4,0.64,0.17,0.38,0.83,-0.78,0.74,0.44,0.75,0.1,-0.84,0.12,-0.15,-0.44,
0.38,-0.57,-0.83,0.68,0.74,-0.97,0.94,0.21,0.41,-0.1,-0.41,0.82,0.65,0.66,-0.1,-0.21,0.73,-0.73,-0.34,-0.7,-0.61,-0.02,-0.41,-0.97,-0.85,-0.51,-0.67,-0.79,
-0.96,0.78,-0.65,0.86,0.73,-0.91,-0.24,-0.36,-0.94,0.12,0.35,0.56,-0.97,-0.55,-0.77,-0.72,0,-0.38,0.09,-0.04,-0.03,0.08,0.97,0.66,-0.44,-0.22,-0.81,-0.45,
-0.95,-0.93,-0.42,-0.33,-0.43,-0.01,0.17,-0.08,-0.22,0.73,0.86,-0.9,-0.03,0.65,-0.09,-0.17,-0.83,-0.43,0.43,0.97,0.04,0.45,-0.11,0.82,0.76,0.83,0.19,-0.24,
-0.45,0.11,0.66,0.61,0.9,-0.25,0.79,0.62,0.34,0.86,0.25,-0.04,-0.16,-0.98,0.06,0.5,-0.61,0.47,-0.69,-0.49,0.59,-0.38,-0.96,-0.73,-0.12,0.66,-0.94,0.77,
-0.84,0.82,0.99,-0.2,0.97,-0.32,-0.33,-0.26,0.38,-0.32,-0.95,0.68,-0.64,0.27,0.14,-0.48,0.44,0.89,-0.89,0.79,0.27,0.21,-0.11,0.83,0.24,0.57,-0.96,0.4,
-0.23,-0.78,0.32,0.21,-0.83,-0.68,0.88,0.85,0.86,-0.63,-0.08,-0.17,0.78,0.3,-0.06,0.34,-0.98,-0.09,0.71,0.21,0.05,-0.76,0.27,-0.82,0.7,0.28,-0.34,0.34,
0.69,0.33,0.28,0.45,-0.37,0.83,-0.96,0.58,0.72,0.18,0.84,0.52,-0.71,0.46,-0.6,-0.9,0.26,0.02,-0.12,0.64,0.85,0.57,-0.82,0.99,0.67,-0.41,-0.07,-0.97,
0.11,-0.46,0.63,-0.37,0.41,0.1,-0.27,-0.27,0.81,-0.97,-0.08,-0.29,0.28,-0.13,0.7,0.97,0.1,0.4,0.11,0.83,0.57,0.83,-0.59,-0.18,0.36,0.49,0.42,-0.14,
-0.72,-0.32,0.33,0.26,-0.93,0.97,-0.58,-0.01,-0.91,0.37,-0.46,0.42,0.44,0.46,0.66,-0.23,0.91,-0.17,-0.58,0.52,-0.14,0.38,-0.99,-0.64,0.04,-0.31,-0.41,-0.05,
-0.44,-0.97,0.27,-0.15,0.02,-0.39,0.51,0.95,-0.51,0.01,0.36,0.78,0.01,0.57,0.34,-0.14,-0.69,-0.5,0.6,-0.04,-0.46,-0.57,-0.2,0.37,0.89,-0.95,0.1,0.67,
-0.78,0.85,0.97,-0.31,0.13,-0.68,0.57,0.34,-0.71,0.73,-0.65,-0.26,0.74,-0.16,0.42,0.32,-1,-0.26,-0.09,0.95,-0.97,-0.63,0.08,0.2,-0.93,0.65,-0.88,0.91,
-0.1,0.16,-0.7,-0.18,-0.76,0.14,0.91,-0.5,-0.82,-0.73,-0.52,0.75,0.78,0.65,0.53,0.14,0.9,0.8,0.55,-0.99,-0.49,0.53,-0.48,-0.89,0.23,-0.97,-0.92,-0.24,
-0.42,-0.56,0.82,-0.57,0.02,0.27,0.93,-0.81,0.49,0.36,-0.76,0.43,0.56,-0.39,0.53,0.21,-0.31,0.63,-0.75,0.16,-0.2,0.33,0.34,0.28,0.17,-0.44,0.29,-0.37,
-0.36,-0.42,-0.06,-0.06,0.43,0.01,0.5,-0.63,0.44,0.02,-0.77,0.22,0.9,-0.41,-0.66,-0.33,-0.46,-0.55,-0.86,-0.8,0.81,0.85,-0.49,0.04,0.32,-0.71,-0.91,0.22,
-0.77,0.38,0.78,0.98,0.38,0.88,-0.71,0.72,-0.48,0.54,0.24,0.41,-0.91,0.54,-0.83,-0.27,-0.01,0.88,-0.64,-1,0.45,0.07,-0.2,-0.77,-0.81,-0.53,-0.53,-0.78,
0.8,0.02,-0.97,0.67,-0.52,0.48,0.75,0.54,-0.68,0.92,0.09,0.83,-0.64,0.46,0.61,0.39,-0.99,0.38,-0.71,0.19,-0.81,-0.82,-0.38,-0.32,0,0.83,-0.69,-0.8,
0.42,0.24,-0.86,-0.71,-0.07,-0.69,0.08,-0.53,-0.35,-0.68,0.44,-0.51,0.39,-0.53,-0.06,-0.69,0.33,0.49,-0.97,-0.3,0.91,-0.46,-0.16,0.15,0.83,0.1,0.6,0.21,
0.36,-0.1,-0.56,-0.67,-0.61,0.84,-0.38,0.11,-0.5,-0.27,0.48,-0.5,-0.67,-0.71,0.57,-0.4,0.62,-0.92,-0.52,-0.41,-0.6,0,-0.65,-0.04,0.63,-0.53,0.75,0.82,
-0.86,0.83,0.95,0.25,0.41,0.55,-0.71,0.91,0.81,-0.41,-0.76,-0.66,0.37,-0.41,-0.89,-1,-0.59,-0.25,0.34,0.15,0.74,0.39,0.95,0.81,-0.88,-0.06,-0.34,0.91,
-0.94,0.4,-0.48,-0.52,0.61,-0.47,-0.23,0.68,-0.58,-0.5,0.64,0.9,0.37,-0.22,-0.87,0.19,0.14,-0.63,0.53,-0.76,-0.03,-0.01,0.79,-0.06,0.58,0.2,-0.05,-0.89,
0.93,0.87,-0.22,0.88,0.52,0.01,0.41,-0.27,-0.05,-0.36,0.35,-0.08,0.75,0.92,-0.12,0.65,0.3,0.28,0.87,0.1,-0.86,-0.05,-0.06,-0.81,0.68,0.24,-0.87,0.96,
0.71,-0.6,-0.96,0.02,0.53,0.32,0.45,-0.94,0.68,-0.89,-0.75,-0.44,0.77,0.53,0.13,-0.77,-0.46,0.08,-0.92,-0.46,-0.27,-0.43,-0.08,0.34,-0.55,0.38,0.54,0.85,
0.11,-0.29,0.7,-0.21,-0.56,-0.02,0.14,0.42,-0.82,0.76,0.14,0.83,0.03,-0.07,0.91,0.66,-0.37,0.19,-0.96,-0.57,0.24,-0.62,0.98,-0.37,-0.94,-0.9,-0.13,0.05,
-0.78,-0.55,0.49,-0.74,0.09,-0.5,0.32,-0.55,0.46,0.75,0.13,0.23,-0.64,0.59,0.2,0.09,0.73,0.15,-0.43,-0.24,0.6,-0.74,0.82,0.5,0.48,0.34,-0.03,-0.67,
-0.44,0.93,-0.57,0.25,-0.99,-0.28,-1,0.49,-0.01,-0.93,-0.99,0.91,0.25,0.58,0.22,0.72,-0.84,0.86,-0.87,0.29,0.05,-0.06,-0.94,0.91,-0.64,-0.73,0.05,-0.35,
0.87,0.25,-0.59,0.8,0.76,-0.27,-0.1,0.47,0.12,-0.08,0.53,0.96,0.12,-0.22,-0.09,-0.72,0.64,0.51,0.95,0.22,-0.78,0.2,-0.76,0.07,0.63,-0.15,-0.14,-0.42,
-0.16,-0.59,0.8,-0.41,-0.16,-0.5,0.66,0.52,0.09,-0.21,0.95,-0.89,-0.75,-0.84,-0.74,-0.87,0.01,0.57,-0.36,0.9,-0.44,-0.66,0.17,0.74,-0.23,0.21,-0.35,-0.41,
-0.08,0.6,-0.19,0.24,0.52,0.8,0.26,-0.38,0.49,0.98,-0.92,-0.31,-0.44,0.33,0.5,-0.87,0.16,0.4,-0.03,-0.83,-0.9,0.42,0.7,0.95,0.36,-0.04,-0.27,-0.7,
0.57,-0.23,0.68,-0.11,-0.64,0.67,0.35,0.4,0.11,0.17,-0.83,0.84,-0.62,-0.04,0.35,0.86,-0.91,0.54,0.23,-0.04,0.7,-0.35,-0.52,0.6,-0.94,0.84,0.36,-0.47,
-0.23,0.76,-0.86,-0.02,0.04,-0.31,-0.23,0.88,-0.82,-0.01,-0.04,-0.09,0.94,0.55,-0.96,-0.42,0.45,0.2,0.79,0.28,-0.85,-0.77,-0.66,-0.7,0.14,0.74,0.57,0.29,
-0.18,-0.32,0.06,-0.82,0.26,-0.82,0.55,0.24,0.39,-0.92,0.52,0.97,0.35,0.95,0.08,0.37,0.21,-0.78,-0.77,-0.64,0.71,0.9,0.4,0.59,0.46,0.79,-0.81,0.33,
0.81,0.95,-0.98,-0.14,-0.79,0.69,-0.6,0.71,0.4,0.5,0.78,0.86,0.85,0.67,0.37,0.81,0.22,0.36,0.15,-0.62,-0.33,0.1,-0.75,0.9,0.59,0.71,0.14,0.75,
-0.33,0.58,-0.38,-0.22,-0.57,-0.35,0.26,0.89,-0.04,0.27,0.45,0.43,0.83,0.09,-0.02,0.01,-0.2,0.44,-0.44,0.21,0.56,-0.52,0.26,0.22,0.04,0.4,-0.56,-0.21,
-0.1,-0.62,0.33,-0.21,0.3,-0.76,0.96,-0.75,0.47,0.67,0.04,-0.61,-0.98,0.75,0.83,0.2,-0.78,0.43,-0.42,0.57,0.92,0.34,-0.14,-0.8,-0.79,0.73,-0.49,0.56,
0.21,0.91,0.28,-0.19,0.91,-0.2,0.26,0.77,-0.86,0.38,-0.97,-0.15,0.82,0.97,0.78,-0.64,0.96,0.75,-0.42,0.4,-0.98,-0.9,0.4,-0.26,-0.58,-0.06,0.13,0.01,
