-0.97,0.29,0.95,-0.73,0.28,0.36,-0.15,0.34,0.77,0.89,0.9,-0.15,-0.32,-0.14,0.12,0.72,
-0.42,0.5,-0.67,0.82,-0.79,-0.13,0.15,0.58,-0.8,0.99,0.41,0.56,-0.95,-0.73,-0.01,0.63,
0.06,0.22,-0.64,0.84,0.59,-0.33,0.15,-0.23,-0.26,0.12,0.05,0.91,0,0.57,-0.28,-0.47,
0.12,-0.88,-0.49,0.22,-0.11,-0.49,-0.64,0.57,-0.92,0.85,-0.07,0.75,0.83,-0.56,-0.64,-0.32,
0.6,0.35,-0.35,0.33,-0.83,0.14,-0.75,0.57,-0.64,-0.18,0.36,0.55,0.93,-0.81,0.39,0.12,
0.04,0.07,0.48,-0.02,0.48,0.6,-0.19,0.35,-0.43,0.09,0.51,0.02,0.3,-0.27,0.46,-0.01,
-0.64,-0.2,0.68,0.05,0.67,0.83,0.6,0.01,0.74,0.3,-0.39,0.12,-0.71,0.2,-0.77,-0.23,
-0.9,0.37,0.4,-0.24,-0.13,0.67,0.54,0.82,0.99,0.07,0.37,-0.74,-0.61,0.93,-0.53,0.27,
-0.21,0.5,-0.01,-0.33,0.93,-0.27,0.1,-0.8,0.05,0.92,0.83,-0.31,0.09,0.72,0.18,-0.73,
0.11,-0.84,0.15,0.92,0.21,0.82,0.36,0.36,0.37,-0.09,0.08,0.7,-0.07,0.8,0.06,-0.91,
-0.28,0.13,-0.59,-0.08,-0.62,-0.2,-0.15,-0.49,0.88,0.89,0.1,-0.65,-0.01,-0.2,-0.37,0.31,
0.99,0.68,-0.11,-0.12,0.55,0.19,0.61,0.9,-0.85,0.18,0.84,-0.68,0.01,0.71,0.7,0.94,
0.44,-0.85,0.46,-0.8,-0.62,0.57,0.07,0.78,0.2,-0.52,-0.91,-0.74,0.51,-0.88,-0.18,-0.23,
-0.35,-0.04,-0.53,0.38,-0.8,0.46,0.11,0.6,0.55,0.55,-0.14,-0.26,0.59,-0.72,-0.27,-0.6,
0.27,-0.5,-0.06,0.31,-0.5,0.91,0.86,-0.6,0.08,0.45,0.86,-0.1,-0.6,-0.38,0.82,0.05,
0.18,-0.52,-0.33,-0.77,-0.31,0.25,-0.83,0.09,0.14,-0.5,0.32,-0.35,-0.1,0.46,-0.06,-0.01,
-0.72,0.85,0.01,0.05,-0.1,0.26,-0.28,0.67,-0.35,-0.04,-0.92,-0.9,0.67,-0.12,0.17,0.75,
0.97,-0.84,0.99,0.59,-0.22,-0.82,-0.78,0.59,0.59,-0.4,0.08,0.09,-0.94,0.78,-0.03,0.09,
0.28,0.73,-0.53,0.25,-0.71,-0.97,-0.93,0.01,0.11,0.34,-0.57,0.48,-0.08,-0.59,0.58,0.66,
0.91,0.05,0.21,0.3,0.5,-0.2,0.92,0.8,-0.69,-0.44,0.96,-0.54,-0.23,0.74,-0.74,-0.4,
-0.18,-0.32,-0.56,-0.2,0,0.88,0.1,-0.57,0.41,-0.34,-0.41,0.9,-0.06,-0.66,-0.75,-0.52,
0.24,0.61,0.15,0.6,0.1,0.6,-0.3,0.33,0.81,0.82,0.82,-0.8,0.96,0.09,-0.59,0.62,
0.87,0.13,-0.96,-0.74,-0.45,0.16,0.81,0.13,0.24,0.81,0.53,-0.99,-0.55,-0.59,-0.13,-0.97,
0.95,-0.17,0.56,-0.6,0.73,-0.67,-0.84,0.3,0.59,0.67,0.77,-0.22,0.82,-0.76,-0.14,0.09,
-0.9,0.21,-0.29,-0.09,0.73,-0.6,0.72,-0.53,-0.33,-0.95,0.55,-0.88,-0.9,-0.35,0.58,-0.6,
-0.23,-0.64,0.87,0.31,0.8,0.07,-0.62,-0.98,0.65,0.46,0.96,-0.63,0.77,0.49,0.54,-0.14,
-0.36,-0.46,0.89,-0.97,-0.14,-0.18,-0.17,-0.95,0.55,-0.47,-0.02,-0.75,-0.23,0.03,0.75,0.51,
-0.83,0.42,0.86,-0.66,0.94,-0.86,0.28,0.35,0.68,0.35,0.21,-0.51,-0.55,0.82,-0.49,-0.4,
0.32,0.83,-0.69,0.29,0.23,0.21,0.62,-0.02,-0.57,-0.58,0.75,-0.22,-0.79,0.81,-0.5,-0.53,
-0.28,0.92,0.6,0.46,0.36,-0.17,0.58,0.99,0.44,0.26,0.27,0.06,-0.57,0.79,-0.34,-0.11,
-0.61,-0.08,0.39,-0.94,0,0.02,-0.91,0.91,0.64,0.74,-0.84,-0.87,0.79,-0.82,0.84,0.62,
-0.99,0.95,0.81,0.74,0.17,0.37,0.52,-0.81,-0.88,0.6,-0.06,-0.36,-0.49,0.55,-0.28,0.47,
0.85,0.1,-0.81,-0.26,-0.76,0.27,0.36,-0.64,-0.78,-0.76,-0.54,0.72,0.75,-0.38,-0.45,-0.86,
0.41,0.66,-0.11,-0.07,-0.58,0.93,-0.54,0.07,0.65,-0.16,-0.7,0.54,0.4,0.58,-0.09,0.95,
-0.59,-0.56,0.09,0.73,0.92,-0.37,-0.61,0.69,-0.04,-0.2,-0.74,-0.96,0.92,-0.74,-0.75,0.08,
-0.65,0.69,0.56,-0.22,0.03,-0.34,-0.04,0.27,-0.34,-0.73,-0.21,-0.91,-0.61,-0.4,0.25,-0.83,
-0.44,0.1,0.47,0.51,-0.41,-0.33,-0.69,0.82,0.7,-0.21,0.47,0.24,-0.62,-0.55,-0.96,-0.32,
-0.32,0.08,0.18,0.78,0.15,-0.4,0.03,-0.38,0.56,-0.4,0.13,-0.71,-0.01,0.98,-0.4,-0.87,
0.81,0.73,-0.97,-0.44,0.7,0.97,0.02,-0.82,0.74,-0.72,-0.36,0.9,-0.58,-0.13,0.22,0.73,
-0.04,-0.6,-0.21,0.77,-0.13,-0.53,0.53,-0.82,-0.17,0.35,0.73,-0.78,-0.03,-0.66,-0.02,-0.3,
0.13,-0.6,-0.53,-0.29,0.97,0,0.65,0.42,0.05,-0.13,0.71,-0.12,-0.4,0.45,0.53,0.21,
0.18,0.24,-0.92,-0.41,-0.82,0.56,0.12,-0.51,0.34,-0.88,-0.35,-0.72,-0.68,0.95,-0.78,0.98,
-0.8,-0.37,-0.22,-0.47,0.31,-0.44,-0.23,-0.98,0.42,-0.12,-0.81,0.47,0.71,-0.26,0.55,-0.38,
-0.61,0.37,0.03,0.83,-0.71,0.46,0.3,0,-0.31,0,0.26,0.9,0.29,0.66,-0.37,0.23,
-0.55,0.38,-0.36,0.94,0.25,0.7,-0.56,-0.3,0.3,0.44,-0.04,-0.05,0.76,-0.42,0.35,0.01,
0.06,0.97,0.97,0.75,0.99,0.37,0.05,-0.33,0.94,0.5,-0.39,0.26,-0.64,-0.71,-0.61,0.58,
-0.96,-0.9,-0.63,-0.46,-0.82,0.77,0.24,-0.66,0.6,-0.86,-0.1,0,0.7,0.77,0.49,-0.06,
-0.6,0.7,-0.41,0.29,-0.67,-0.9,-0.49,0.33,0.14,-0.74,-0.64,-0.82,-0.76,0.91,-0.55,-0.61,
0.54,-0.69,-0.71,-0.04,-0.58,-0.63,0.88,-0.63,-0.38,-0.01,-0.83,0.29,-0.98,0.04,-0.31,0.53,
-1,-0.36,-0.85,-0.86,-0.41,0.08,-0.02,-0.32,-0.84,-0.67,0.89,0.55,-0.79,-0.07,0.61,0.17,
