0.51,0.3,-0.54,0.51,-0.22,0.7,0.7,0.58,-0.79,-0.16,0.58,0.6,0.55,-0.9,-0.19,0.45,
-0.75,0.71,0.95,0.14,0.96,-0.64,0.58,0.28,0.07,-0.89,0.22,0.9,0.95,-0.61,0.8,-0.36,
-0.19,0,0.35,0.94,0.27,-0.06,-0.49,-0.85,-0.41,-0.8,-0.23,-0.86,0.48,-0.93,0.59,-0.58,
-0.05,0.39,-0.5,0.37,-0.27,-0.87,-0.18,0.84,0.01,-0.79,0.13,0.01,0.77,-0.14,0.34,0.01,
-0.4,0.16,0.51,0.27,-0.02,-0.47,0.4,-0.84,-0.41,0.87,-0.62,-0.36,0.29,-0.35,-0.92,-0.87,
0.93,-0.96,0.97,-0.45,0.08,0.4,0.14,-0.25,0.26,-0.09,-0.87,0.96,0.02,0.57,-0.21,0.11,
0.52,-0.59,-0.7,0.02,-0.37,0.19,0.1,0.36,0.19,0.94,0.12,-0.46,-0.34,0.12,0.63,0.37,
0.04,-0.61,-0.65,0.22,-0.15,-0.74,0.51,0.14,-0.22,-0.47,0.11,0.39,0.64,0.33,0.26,-0.78,
0.24,0.95,-0.32,-0.85,-0.86,0.39,0.75,-0.13,0.33,0.36,0.32,-0.6,0.74,-0.81,-0.92,-0.38,
0.16,-0.57,-0.08,0.47,0.39,-0.45,-0.36,0.71,0.56,-0.66,-0.14,0.46,-0.27,0.73,-0.73,0.31,
-0.5,0.24,-0.74,-0.82,-0.38,-0.98,-0.66,0.72,-0.3,-0.3,-0.76,-0.38,-0.06,0.94,0.68,0.31,
0.17,-0.27,-0.44,0.86,0.6,0.86,-0.31,0.91,-0.02,-0.5,0.15,-0.83,-0.06,0.42,-0.85,0.32,
0.68,0.61,-0.45,-0.92,0.77,-0.97,0.88,0.37,0.69,0.39,0.83,0.44,-0.18,0.59,-0.18,-0.1,
-0.01,0.77,-0.52,-0.52,0.22,-0.49,-0.37,-0.21,0.1,0.43,0.01,-0.36,0.47,0.76,0.69,0.87,
-0.77,0.01,0.39,-0.37,-0.95,0.11,-0.77,0.17,0.04,-0.51,-0.78,0.9,-0.82,0.35,0.98,0.14,
-0.07,-0.1,0.79,0.15,0.22,0.55,0.17,0.05,-0.35,0.42,0.08,-0.84,-1,0.22,-0.59,0.18,
-0.69,0.9,-0.13,-0.19,0.23,0.02,0.7,0.52,0.53,-0.79,-0.77,0.21,0.98,0.57,-0.88,0.79,
0.97,0.09,0.21,-0.71,-0.6,0.14,0.83,0.43,-0.9,0.7,-0.36,0.51,-0.87,0.65,0.68,-0.13,
-0.93,-0.64,-0.98,-0.96,-0.81,0.27,0.34,0.47,-0.39,-0.59,0.93,0.03,-0.94,-0.37,0.97,-0.06,
0.13,0.85,0.79,0.72,-0.88,-0.2,0.26,0.28,0.63,0.05,-0.42,-0.7,0.61,-1,0.25,0.17,
-0.59,0.04,-0.48,0.62,0.73,-0.58,-0.67,0,0.8,-0.15,0.32,-0.43,0.45,-0.31,0.36,0.29,
0.78,0.27,-0.52,0.14,0.58,0.47,0.85,0.95,0.06,-0.17,0.05,-0.7,0.42,-0.08,0.04,-0.05,
-0.81,-0.18,0.66,0.62,-0.52,-0.52,0.66,-0.16,-0.38,-0.84,-0.91,0.84,-0.92,0.6,0.9,0.25,
0.03,-0.3,0.2,-0.62,-0.15,-0.46,0.12,0.46,0.6,-0.35,0.17,0.73,0.06,0.84,0.38,-0.21,
-0.3,-0.19,-0.05,-0.73,-0.71,-0.51,0.06,0.63,-0.02,0.23,0.11,-0.02,-0.65,-1,0.33,0.86,
-0.34,0.03,0.48,0.76,0.22,-0.61,0.72,0.16,-0.47,-0.65,0.67,-0.31,0.89,0.57,0.05,0.88,
-0.42,-0.62,0.27,0.67,-0.8,-0.08,-0.61,0.06,-0.18,-0.15,0.26,-0.67,-0.42,0.24,0.51,-0.83,
0.45,-0.58,0.46,0.75,0.17,-0.46,0.4,-0.99,0.45,0.68,-0.46,0.72,-0.51,-0.66,-1,0.42,
