-0.74,0.47,-0.74,-0.86,0.76,-0.89,0.34,0.74,0.76,0.93,0.8,-0.1,0.58,-0.72,-0.69,0.51,-0.36,0.75,0.95,-0.96,-0.07,0.75,-0.44,0.47,0.25,0.05,0.71,0.25,
0.22,0.85,-0.02,-0.49,0.04,-0.79,0.18,0.62,0.29,-0.49,0.18,0.1,0.33,0.04,0.61,0.63,0.76,0.4,0.24,-0.6,-0.65,-0.9,0.17,-0.95,0.92,-0.41,-0.05,0.98,
0.68,0.09,0.92,-0.43,0.75,0.28,-0.93,0.24,0.07,0.86,0.13,0.54,0.36,0.4,-0.86,0.36,-0.12,0.33,0.51,0.22,-0.75,0.49,0.71,-0.08,-0.13,-0.64,-0.81,-0.86,
0.32,0.31,0.06,0.19,0.41,0.63,0.05,0.17,-0.61,0.66,-0.34,-0.72,0.61,-0.81,0.39,0.9,-0.48,-0.55,-0.55,-0.02,0.85,0.42,-0.46,-0.13,0.37,-0.76,0.96,0.54,
-0.01,-0.39,0.31,-0.06,0.45,0.83,-0.6,0.8,-0.08,0.46,-0.69,-0.24,-0.58,-0.99,0.78,0.15,0.4,0.58,0.31,0.97,0.89,-0.86,-0.4,0.88,0.76,-0.72,-0.63,0.37,
0.37,-0.55,-0.22,-0.17,0.35,-0.08,-0.78,0.34,0.6,-0.45,-0.97,0.26,0.18,0.7,0.94,-0.8,-0.28,-0.74,-0.67,0.76,-0.72,-0.88,-0.09,0.91,0.23,-0.21,0.88,0.03,
-0.38,0.52,-0.23,-0.27,-0.2,-0.55,-0.49,-0.3,0,0.39,0.95,-0.54,-1,-0.65,0.85,0.4,0.85,-0.89,-0.83,-0.7,-0.18,0.14,-0.95,-0.57,0.19,-0.78,-0.75,-0.54,
0.27,0.21,0.47,-0.18,0.54,-0.92,-0.14,-0.14,-0.22,0.02,-0.35,0.88,0.44,-0.27,-0.4,0.97,-0.82,0.64,-0.01,-0.85,-0.52,-0.87,0.66,0.45,0.83,0.51,-0.77,0.57,
0.19,-0.42,0.42,0.59,-0.04,-0.66,-0.27,-0.3,-0.96,-0.46,0.76,0.93,-0.56,0.14,-0.75,-0.88,0.66,0.66,0.59,0.47,0.24,0.92,-0.6,0.82,-0.68,0.52,0.03,0.57,
0.83,0.07,0.35,-0.7,0.48,-0.74,0.53,-0.79,0.27,0.63,0.28,0.55,0.49,-0.52,0.31,-0.98,-0.19,-0.45,-0.41,0.91,-0.97,0.87,0.73,-0.19,0.6,-0.44,0.94,-0.18,
-0.57,-0.64,0.33,0.88,-0.49,-0.32,-0.23,0.17,0,-0.71,-0.24,0.74,0.38,-0.32,0.51,0.6,0.32,-0.52,-0.94,0.76,0.89,-0.45,0.74,-0.47,-0.59,-0.94,-0.14,-0.61,
-0.38,0.41,-0.37,0.62,-0.36,0.69,0.28,-0.88,-0.18,-0.64,0.68,0.79,-0.83,-0.34,-0.39,0.22,0.15,-0.06,0.09,-0.46,-0.91,-0.55,-0.09,-0.64,0.29,0.2,-0.96,-0.07,
0.11,0.92,-0.82,-0.8,-0.4,0.81,-0.6,0.76,0.91,0.6,0.28,-0.71,-0.96,-0.74,-0.82,0.84,0.86,-0.57,0.97,-0.74,-0.98,-0.69,-0.17,0.8,0.16,0.91,0.44,-0.07,
0.88,-0.88,-0.01,0.84,-0.47,0.77,0.92,0.45,-0.88,0.94,0.65,0.85,-0.67,0.11,-0.56,-0.04,-0.66,-0.95,0.53,-0.25,0.68,0.91,-0.24,-0.3,0.01,0.53,0.45,-0.49,
0.98,0.41,-0.38,-0.48,-0.14,0.7,0.96,0.73,0.56,-0.02,-0.66,-0.38,-0.94,-0.26,-0.3,0.59,-0.95,0.59,0.25,0.97,0.87,-0.45,-0.46,-0.64,-0.26,0.42,-0.42,-0.71,
0.18,-0.18,0.82,-0.09,-0.22,-0.51,-0.88,-0.28,-1,0.14,-0.13,-0.87,0.47,-0.19,0.74,0.06,-0.12,-0.61,0.39,-0.26,0.71,-0.91,0.56,-0.65,-0.93,-0.93,0.21,0.56,
-0.76,0.28,0.75,0.68,0.81,-0.08,0.08,0.95,-0.39,-0.34,0.64,0.7,0.37,-0.48,0.8,-0.69,0.38,-0.04,-0.23,-0.95,-0.64,0.84,0.71,0.45,0.08,-0.09,-0.77,0.38,
-0.38,-0.95,-0.91,-0.33,0.15,-0.87,-0.74,0.74,0.76,0.02,-0.19,-0.33,-0.42,0.76,0.88,0.53,-0.35,0.36,0.06,0.64,-0.5,-0.31,-0.53,0.76,0.22,-0.8,0.91,0.33,
-0.69,0.11,0.18,0.96,0.21,0.45,-0.44,-0.92,-0.11,0.25,0.16,-0.68,0.93,-0.52,0.18,-0.8,-0.39,0.64,-0.7,-0.78,0.12,-0.3,-0.17,-0.48,0.14,0.3,0.87,0.63,
-0.92,0.09,-0.93,0.66,0.08,0.64,-0.33,0.82,0.43,0.71,0.56,0.24,-0.64,0.6,-0.15,0.41,0.75,-0.82,0.23,-0.62,-0.94,-0.24,-0.37,-0.03,-0.61,-0.62,-0.87,-0.22,
0.38,-0.95,0.07,0.97,0.92,0.94,-0.17,-0.5,0.8,-0.51,0,-0.65,-0.51,-0.25,-0.78,0.02,0.56,-0.22,-0.55,0.98,-0.33,-0.25,0.84,0.12,0.1,0.61,-0.26,-0.75,
0.97,0.76,-0.83,-0.01,0.15,-0.76,-0.47,0.35,0.93,-0.33,-0.01,-0.32,0.66,-0.68,0.86,-0.91,0.89,-0.99,-0.46,0.67,0.92,-0.28,0.08,0.23,-0.64,0.41,0.09,-0.89,
0.64,-0.33,-0.22,0.11,-0.33,0.64,-0.94,0.46,0.08,-0.9,0.38,-0.76,0.96,0.68,0.58,-0.66,-0.34,-0.6,0.25,-0.12,0.09,-0.94,-0.65,-0.77,-0.36,0,-0.11,0.55,
0.78,-0.21,-0.75,-0.94,-0.59,0.71,-0.02,0.14,-0.77,0.71,0.1,0.55,-0.71,0.23,0.14,-0.99,-0.2,-0.11,-0.86,-0.87,-0.43,0.37,0.25,0.13,-0.19,0.28,0.75,0.09,
0.08,0.88,0.41,-0.37,0.89,0.38,0.81,0.46,-0.81,0.19,0.92,-0.81,0.71,-0.25,0.43,-0.92,0.02,-0.49,-0.31,-0.03,0.17,0.02,-0.59,0.72,-0.75,0.15,0.62,0.8,
-0.28,-0.43,0.28,-0.91,-0.63,-0.78,-0.43,0.02,-0.46,-0.88,0.13,0.19,0.96,0.53,-0.14,0.69,0.75,0.73,0.07,-0.45,0.6,-0.5,0.94,0.62,0.07,0.27,-1,0.52,
-0.95,0.02,0.15,-0.92,0.46,-0.37,0.43,-0.55,0.38,-0.72,-0.42,-0.11,0.56,0.5,0.73,-0.48,-0.24,0.51,-0.56,0.65,-0.75,0.46,-0.76,-0.12,0.14,0.76,-0.18,-0.27,
-0.17,-0.63,0.06,0.68,-0.26,-0.1,-0.34,-0.22,0.91,-0.33,0.16,-0.54,0.79,0.56,-0.57,0.59,0.04,0.44,0.37,-0.83,-0.59,-0.81,-0.64,-0.05,0.47,0.53,0.02,-0.56,
0.25,0.49,0.66,-0.04,0.32,-0.86,0.61,-0.55,0.54,0.35,0.01,0.57,-0.04,-0.94,0.67,0.51,-0.91,-0.36,-0.57,0.77,0.36,-0.25,0.64,-0.76,-0.47,-0.01,0.97,-0.94,
0.89,0.37,0.35,0.95,-0.76,0.21,-0.25,0.91,0.42,0.95,-0.17,-0.22,-0.88,-0.39,0.41,-0.62,-0.97,-0.37,-0.68,-0.63,-0.49,0.67,0.93,-0.37,-0.46,0.97,0.35,-0.46,
-0.13,-0.03,0.66,0.38,-0.39,-0.4,-0.27,0.24,-0.73,-0.55,-0.16,-0.63,-0.74,0.65,-0.19,0.4,0.6,0.24,0.77,0.04,-0.41,-0.63,0.02,-0.09,-0.27,0.84,-0.7,-0.76,
-0.5,-0.76,-0.5,-0.3,0.92,-0.16,0.2,-0.48,-0.31,0.93,0.82,0.52,0.9,-0.29,-0.36,0.07,0.91,0.54,0.79,0.75,-0.77,-0.87,0.39,0.64,0.97,0.14,-0.1,-0.29,
0.23,0.65,0.3,0.96,0.14,-0.26,0.97,0.66,0.99,0.64,-0.25,0,0.8,-0.05,0.16,0.1,0.86,-0.52,0.9,-0.68,-0.23,0.8,0.93,0.02,0.68,-0.54,-0.43,0.14,
0.15,0.89,0.24,-0.91,-0.74,-0.39,-0.95,-0.96,-0.36,0.25,-0.2,0.82,0.8,-0.59,0.43,0.94,0.23,-0.6,0.16,0.67,0.26,-0.75,0.43,-0.71,-0.87,0.37,0.55,0.14,
-0.24,0.77,0,0.77,0.4,0.1,0.56,0.15,-0.47,-0.84,0.34,-0.36,-0.88,-0.37,-0.74,0.99,-0.44,0.15,0.79,0.32,0.21,0.47,0.73,-0.66,0.7,-0.84,0.39,0.46,
0.26,-0.25,-0.84,-0.9,0.69,0.56,-0.96,-0.35,0.93,0.73,0.21,-0.66,-0.15,-0.86,-0.29,-0.2,0.96,-0.74,0.49,0.05,0.53,0.22,-0.28,0.73,0.58,-0.12,-0.27,-0.36,
-0.77,0.67,0.3,-0.86,0.36,0.53,-0.83,0.67,0.53,-0.99,0.45,0.16,0.21,-0.1,-0.87,-0.44,-0.19,0.99,0.66,-0.5,0.22,0.33,-0.21,-0.41,0.86,-0.06,-0.53,-0.01,
-0.18,-0.85,0.1,0.13,0.32,0.24,-0.96,0.94,-0.4,-0.49,0.5,-0.04,0.39,-0.06,0.31,-0.13,-0.64,-0.79,-0.3,-0.23,0.13,-0.49,-0.56,0.29,0.49,0.2,0.69,0.97,
0.36,-0.69,0.66,0.82,0.34,-0.04,0.73,0.16,0.93,-0.35,-0.12,0.33,-0.92,0.93,0.27,-0.78,-0.12,0.17,-0.91,0.33,-0.9,0.1,0.25,-0.67,0.97,0.79,-0.67,-0.41,
-0.62,0.39,-0.41,0.61,-0.31,-0.71,-0.07,0.2,-0.19,-0.48,0.34,0.45,0.43,0.01,0.75,-0.6,-0.13,0.23,0.8,-0.27,0.03,-0.15,0.96,-0.4,0.08,0.81,0.94,-0.33,
-0.06,0.25,0.97,0.76,0.08,-0.46,0.4,-0.32,-0.04,0.21,0.66,-0.7,0.24,0.77,0.53,-0.51,0.64,0.04,-0.35,-0.9,-0.06,-0.35,-0.4,0.52,-0.68,0.42,0.48,-0.32,
0.93,-0.57,-0.23,0.63,-0.25,-0.02,0.99,-0.27,-0.29,-0.83,0.89,-0.59,0.37,-0.67,0.19,-0.41,0.17,-0.76,0.42,0.8,-0.81,0.85,0.58,0.32,0.27,-0.09,-0.27,-0.96,
-0.64,0.67,-0.83,-0.54,0.54,0.18,0.65,0.14,0.24,0.07,0.44,0.34,-0.61,0.24,-0.93,-0.22,-0.43,0.26,0.3,0.08,0.5,0.21,0.32,0.7,0.13,-0.5,0.26,0.17,
-0.59,-0.75,-0.91,0.8,0.86,0.06,-0.01,-0.26,0.41,0.11,-0.01,0.52,0.7,0.9,0.04,-0.7,0.81,-0.45,0.76,-0.17,0.67,-0.03,0.41,-0.64,-0.61,-0.15,-0.56,-0.83,
-0.68,0.38,-0.91,0.02,-0.79,0.71,-0.87,0.37,-0.02,0.66,0.53,-0.77,-0.32,0.11,-0.92,0.16,-0.48,-0.79,-0.77,0.62,0.28,-0.26,-1,0.69,0.23,0.68,-0.99,-0.75,
0.59,-0.26,0.82,-0.64,0.35,0.21,0.18,-0.53,0.45,-0.83,0.16,-0.58,0.32,-0.08,0.48,0.9,0.75,0.88,-0.26,0.19,-0.1,0.34,-0.55,-0.5,-0.91,0.57,0.05,-0.44,
0.9,0.01,0.25,0.15,-0.87,0.7,0.7,-0.27,0.99,0.36,0.34,0.67,-0.45,0.32,0.36,0.68,0.29,0.22,-0.16,0.9,0.96,0.6,-0.03,-0.52,-0.55,-0.65,0.86,0.72,
0.1,-0.67,-0.66,0.03,-0.85,0.51,-0.65,0.71,-0.64,0.96,0.2,0.2,0.74,-0.15,-0.27,0.03,-0.45,-0.02,0.75,0.62,-0.28,-0.03,-0.99,0.68,-0.71,0.62,0.67,-1,
-0.08,-0.41,0.97,-0.01,-0.51,-0.56,-0.5,0.43,-0.14,-0.95,0.21,-0.19,0.21,-0.37,-0.37,-0.89,0.9,0.69,-0.77,-0.46,-0.61,-0.48,-0.42,0.45,-0.11,-0.43,0.07,0.23,
-0.67,0.77,-0.1,0.74,0.83,0.73,0.67,0.25,0.38,-0.52,0.38,0.19,-0.96,-0.11,0.76,0.24,0.58,-0.71,-0.83,-0.85,0.91,0.56,-0.29,-0.23,-0.67,-0.57,0.61,-0.87,
