0.64,0.48,0.73,0.5,-0.97,0.94,0.55,0.73,0.91,0.16,-0.3,-0.93,0.98,-0.65,0.47,-0.74,0.14,-0.82,0.47,0.84,0.34,-0.63,-0.56,-0.11,-0.26,0.97,0.14,0.75,-0.2,0.16,0.49,-0.82,0.75,-0.25,-0.47,-0.87,-0.84,0.88,0.07,0.93,0.27,-0.87,0.86,0.12,-0.24,-0.34,0.98,-0.63,0.23,0.02,
-0.96,0.7,0.69,-0.17,0.46,0.46,0.61,-0.44,0.6,0.04,-0.94,0.38,-0.53,0.2,0.53,-0.69,-0.83,0.16,0.48,-0.37,-0.34,-0.43,0.44,-0.01,0.73,0.48,0.96,0.47,0.53,-0.85,0.36,-0.34,0.66,-0.67,0.29,-0.39,0.39,-0.08,-0.95,0.72,-0.1,-0.12,-0.19,0.84,0.74,0.76,-0.51,0.26,0.55,0.88,
0.45,-0.9,0.75,-0.45,0.93,-0.93,-0.69,-0.26,0.34,0.34,0.97,0.28,-0.3,-0.14,0.69,-0.41,0.8,0.87,-0.94,0.67,-0.22,0.86,0.35,-0.38,-0.41,0.47,0.37,0.56,-0.2,-0.36,-0.5,-0.97,-0.31,0.98,-0.42,0.78,-0.32,-0.11,0.21,-0.67,-0.11,-0.4,0.93,0.77,-0.52,-0.75,-0.22,0.13,-0.17,0.82,
-0.25,-0.56,0.88,-0.67,0.19,-0.27,0.14,0.98,-0.12,-0.73,0.03,-0.3,-0.22,0.87,0.37,-0.66,-0.17,0.78,0.27,0.92,-0.02,-0.17,0.11,0.97,0.18,-0.36,0.57,0.4,0.48,0.8,-0.54,0.42,0.87,0.93,-0.22,0.7,0.62,0.23,-0.61,0.11,-0.08,0.89,0.4,-0.68,-0.52,0.46,-0.79,0.35,0.63,-0.21,
-0.01,-0.15,0.46,-0.69,-0.62,-0.76,0.54,-0.14,0.56,0.43,-0.65,-0.1,0.65,-0.34,-0.07,0.51,0.33,-0.23,0.45,-0.41,-0.5,0.02,0.55,-0.26,-0.13,-0.79,0.59,0.38,-0.6,0.88,0.21,-0.36,0.83,0.27,0.77,0.65,0.27,-0.7,0.03,-0.56,-0.22,0.36,-0.8,0.25,0.92,-0.01,-0.11,-0.45,-0.99,0.61,
0.79,0.13,0.47,0.96,0.68,-0.18,-0.58,-0.3,0.39,-0.67,0.08,-0.1,-0.06,-0.13,-0.15,0.03,-0.68,-0.07,0.21,-0.94,0.73,0.68,-0.81,-0.18,-0.54,0.8,0.26,-0.76,0.84,-0.29,0.38,0.51,-0.67,-0.71,-0.18,-0.75,0.6,0.41,0.71,-0.98,-0.87,0.21,0.19,0.13,0.61,-0.01,0.07,-0.79,-0.22,0.99,
0.18,-0.43,-0.18,0.56,0.15,-0.01,-0.83,0.35,0.92,-0.34,-0.03,-0.99,0.68,0.98,0.06,0.03,-0.38,-0.08,0.73,0.47,0.48,-0.02,-0.01,0.69,0.54,-1,0.46,0.17,0.94,0.44,0.8,0.87,0.32,-0.45,-0.68,0.66,0.74,-0.4,0.65,0.17,0.66,-0.12,-0.08,-0.56,-0.17,-0.53,0.26,-0.21,-0.52,-0.22,
-0.7,0.96,-0.25,-0.07,0.44,-0.03,0.17,0.04,0.53,0.87,0.22,-0.36,-0.75,-0.91,-0.64,0.19,0.99,-0.04,-0.65,0.32,-0.49,0.68,0.76,0.31,0.78,-0.69,0.14,-0.67,-0.87,0.49,0.53,0.35,0.63,-0.84,-0.68,0.16,0.21,-0.27,-0.04,-0.52,0.99,0.26,-0.25,0.58,-0.31,-0.67,0.18,0.7,-0.63,-0.27,
-0.57,0.72,-0.02,0.83,-0.62,0.39,-0.26,-0.4,-0.38,0.81,0.52,-0.43,0.74,0.89,0.17,-0.69,0.33,-0.13,0.68,0.13,-0.33,-0.99,0.07,-0.54,-0.63,-0.34,-0.76,0.07,0.86,-0.61,0.8,0.53,0.82,-0.73,0.55,-0.34,0.19,0.99,0.8,0.94,-0.05,0.06,-0.14,-0.08,-0.34,-0.89,0.47,-0.98,0.93,-0.87,
0.16,-0.51,0.57,-0.98,0.5,-0.4,-0.05,0.79,-0.65,-0.37,-0.28,0.99,0.39,-0.05,-0.64,-0.98,0.01,0.77,0.41,-0.29,-0.27,0.93,-0.79,-0.18,-0.76,-0.72,-0.32,-0.61,-0.14,0.83,0.63,-0.05,-0.78,0.29,-0.85,0,0.42,-0.54,-0.58,-0.82,0.01,-0.14,-0.45,-0.75,0.71,0.57,0.57,-0.76,0.76,-0.8,
-0.22,-0.07,-0.93,0.53,-0.52,0.38,0.64,0.86,-0.65,-0.1,-0.56,-1,-0.64,0.56,0.08,0.85,-0.59,-0.86,-0.23,-0.86,-0.62,0.91,0.58,0.34,0.04,0.74,-0.25,0.94,-0.28,-0.54,0.8,-0.16,-0.41,0.02,-0.19,-0.66,-0.45,-0.72,-0.96,-0.29,-0.84,-0.81,-0.85,0.39,-0.32,-0.55,-0.43,0.93,-0.09,-0.9,
0.95,0.06,0.47,-0.04,-0.69,-0.11,-0.57,-0.31,0.31,-0.06,-0.93,-0.88,-0.9,-0.61,0.31,0.17,0.4,-0.4,-0.4,-0.68,-1,0.37,-0.25,-0.1,0.99,-0.1,-0.09,-0.03,-0.9,-0.5,-0.95,-0.15,-0.22,0.32,0.37,0.92,-0.93,0.09,0.12,-0.21,0.63,0.78,0.6,0.53,-0.11,0.02,0.28,0.6,-0.26,-0.45,
-0.87,0.17,-0.3,0.86,0.64,-0.91,0.06,0.71,-1,0.45,-0.27,-0.34,0.42,0.21,-0.12,0.3,0.43,0.25,0.02,-0.24,-0.93,-0.88,0.72,0.32,0.96,-0.7,0.37,0.46,0.36,-0.05,0.14,-0.57,-0.98,-0.56,-0.04,0.69,-0.82,-0.14,-0.02,0.04,0.32,0.73,-0.87,-0.34,0.51,0.66,-0.68,0.42,-0.93,-1,
-0.71,-0.55,-0.61,0.47,0.73,0.73,0.87,0.22,-0.65,-0.51,0.64,-0.41,0.08,-0.2,-0.47,-0.39,-0.15,-0.15,0.99,0.05,0.74,0.36,0.28,-0.08,-0.78,-0.41,-0.36,0.79,0.27,-0.29,-0.61,-0.2,-0.09,-0.77,0.45,0.09,-0.77,-0.15,0.72,-0.3,0.58,0.49,-0.96,0.64,0.13,-0.45,-0.39,0.43,0.74,0.52,
-0.19,-0.73,0.83,0.87,-0.43,0.02,-0.07,-0.97,0.69,-0.75,-0.64,-0.79,-0.84,0.5,-0.76,-0.96,-0.87,0.93,-0.44,-0.79,0.61,-0.99,-0.26,0.56,0.36,0.29,-0.04,0.18,-0.43,0.22,0.94,-0.99,0.29,-0.48,0.16,0.37,-0.66,-0.72,-0.59,-0.64,0.06,0.44,0.99,-0.04,-0.43,0.53,0.89,-0.73,0.15,0.36,
-0.1,-0.09,-1,-0.64,-0.84,-0.28,0.6,0.47,0.38,0.91,-0.58,0.51,0.37,0.12,0.26,-0.49,0.09,-0.98,-0.26,-0.14,0.78,0.81,-0.01,-0.53,-0.99,-0.68,0.48,-0.1,0.76,-0.56,0.79,-0.51,0.17,-0.19,0.38,-0.13,0.11,0.75,0.95,0.85,-0.39,-0.76,0.2,-0.54,0.24,0.81,0.78,-0.92,0.46,-0.38,
0.92,0.47,0.44,0.41,0.95,-0.78,-0.6,-0.39,0.75,0.52,-0.96,0.27,-0.15,0.17,-0.61,0.33,0.26,0.53,-0.21,-0.41,0.46,0.16,0.71,-0.65,-0.01,0.74,0.37,0.52,0.07,-0.55,-0.48,-0.71,-0.23,-0.56,-0.56,-0.62,-0.73,0.98,0.58,0.51,-0.32,0.88,0.5,0.96,-0.68,0.32,-0.26,0.29,0.9,0.95,
0.69,-0.97,0.41,0.55,0.79,-0.62,0.54,-0.04,0.55,0.21,0.55,-0.77,-0.02,-0.85,-0.83,0.29,-0.62,-0.61,0.47,0.43,-0.25,0.66,0.84,-0.3,-0.76,-0.81,0.73,0.25,-0.55,-0.88,0.85,-0.72,0.24,0.67,0.56,0.59,-0.54,-0.49,0.35,0.63,-0.53,-0.04,0.52,0.13,0.33,0.64,-0.24,0.13,-0.16,0.28,
-0.73,-0.36,-0.46,0.38,0.26,-0.39,0.29,0.8,0.16,-0.28,0.29,0.57,0.74,0.57,0.52,0.59,0.59,-0.44,-0.57,0.85,-0.44,0.84,-0.85,-0.63,0.15,-0.11,-0.81,-0.48,-0.86,0.64,0.36,0.05,-0.42,0.14,-0.61,0.32,-0.07,0.14,0.93,-0.2,-0.15,-0.13,-0.95,0.42,-0.46,0.81,0.17,-0.97,0.65,0.49,
-0.18,-0.12,-0.62,0.59,0.86,-0.84,-0.89,-0.61,0.27,-0.44,0.98,-0.25,-0.59,0.54,0.86,0.8,0.5,-0.58,0.56,0.08,0.45,0.65,0.59,-0.45,-0.99,0.42,0.61,-0.79,0.16,0.07,-0.84,0.82,-0.4,-0.28,0.37,0.75,-0.84,-0.74,-0.34,-0.48,0.42,-0.54,0.66,0.98,0.76,0.71,-0.59,-0.37,0.88,-0.39,
0.25,-0.56,0.36,-0.32,0.72,0.07,0.26,-0.39,0.66,-0.8,0.72,0.59,0.34,0.09,0.12,0.12,0.12,-0.2,-0.42,0.69,0.18,0.28,-0.1,-1,0.88,-0.96,-0.57,-0.64,0.76,0.31,0.28,-0.14,0.42,-0.19,0.83,0.02,-0.26,0.45,0.95,-0.25,0.11,-0.17,-0.3,-0.69,-0.04,0.83,-0.78,0.55,-0.07,0.79,
-0.45,0.03,-0.36,-0.26,0.14,-0.16,-0.59,0.58,0.08,-0.87,0.27,0.99,-0.74,0.07,-0.45,-0.32,-0.08,0.61,0.7,0.77,0.04,0.52,0.7,0.7,0.52,-0.56,-0.31,0.75,0.18,-0.94,-0.54,-1,-0.85,0.94,0.2,-0.65,-0.38,0.08,-0.96,0.15,0.31,-0.53,-0.15,-0.16,-0.17,0.5,-0.18,-0.55,0.05,0.59,
-0.8,0.56,-0.07,0.32,0.92,-0.04,0.65,0.32,0.35,0.55,-0.27,-0.26,-0.96,-0.06,-0.25,0.64,-0.14,-0.02,0.66,-0.3,0.59,0.88,0.35,-0.04,0.96,-0.19,-0.58,-0.94,0.1,-0.89,-0.46,-0.14,0.67,0.06,-0.17,-0.85,0.29,0.02,-0.26,-0.2,0.32,-0.97,0.02,-0.69,0.75,-0.62,0.62,0.79,-0.51,0.6,
-0.33,-0.56,-0.76,0.13,-1,0.05,0.54,-0.77,0.27,0.62,0.94,0.18,-0.35,-0.12,-0.23,-0.42,-0.99,0.06,0.65,0.87,-0.91,-0.43,0.49,0.76,-0.31,-0.15,0.99,-0.68,-0.96,-0.43,-0.81,0.88,0.49,-0.39,-0.44,-0.51,-0.94,0.31,0.44,-0.15,0.39,-0.24,-0.05,-0.53,-0.72,-0.8,0.32,0.16,-0.77,-0.65,
0.24,-0.6,-0.35,-0.23,0.3,-0.66,-0.85,0.41,0.87,-0.33,0.86,0.65,0.22,0.59,-0.9,-0.11,0.43,0.49,-0.42,0.49,0.02,0.16,0.56,-0.33,-0.23,0.34,0.26,-0.42,-0.95,0.3,-0.3,0.71,0.33,0.72,-0.42,0.74,0.07,0.12,0.23,0.33,0.57,-0.45,0.23,-0.85,-0.61,0.21,-0.4,0.6,0.49,-0.48,
-0.09,-0.54,-0.48,0.71,0.73,-0.13,0.72,0.71,-0.28,0.21,0.52,-0.5,-0.63,0.79,0.21,-0.12,0.73,-0.74,0.6,0.55,-0.42,-0.7,0.55,-0.63,0.91,-0.61,0.38,-0.67,-0.5,0.06,0.38,0.9,-0.67,-0.36,0.69,0.15,0.87,-0.76,0.15,0.08,-0.27,-0.81,0.17,0.72,-0.32,0.21,0.2,-0.16,-0.84,-0.01,
0.92,0.78,-0.1,0.37,-0.94,-0.23,0.58,0.17,-0.98,0.6,0.81,-0.77,0.09,0.89,0.08,0.54,0.82,-0.16,-0.2,0.26,0.47,0.56,0.29,0.03,0.95,-0.03,-0.48,-0.37,-0.34,-0.93,-0.38,0.36,-0.4,-0.62,-0.23,0.16,0.97,0.58,0.61,-0.91,0.77,-0.95,-0.4,-0.93,0.67,0.59,0.01,0.87,-0.25,-0.79,
0.79,0.45,0.09,-0.91,0.36,0.41,0.4,-1,-0.16,-0.01,0.98,-0.99,0.08,-0.67,0.72,0.34,0.14,0.05,-0.74,0.93,0.91,-0.73,-0.15,-0.19,0.75,0.86,0.52,0.72,-0.08,0.17,-0.84,-0.53,-0.15,0.29,-0.53,-0.41,-0.13,0.9,0.5,-0.02,-0.56,-0.77,0.58,0,0.48,-0.7,-0.76,0.39,0.78,0.99,
-0.81,0.81,0.37,0.63,-0.61,-0.25,-0.06,-0.12,-0.92,0.89,-0.45,0.43,-0.39,0.53,-0.88,0.59,-0.27,-0.8,0.33,0.44,-0.82,-0.85,-0.15,0.62,-0.76,0.25,-0.63,-0.77,-0.68,0.65,0.88,-0.38,0.46,0.15,0.82,0.93,-0.93,0.48,0.94,-0.27,0.83,0.62,0.6,-0.19,-0.82,-0.96,0.22,-0.19,-0.23,0.93,
0.23,0.24,0.52,-0.54,0.42,-0.24,-0.55,0.91,0.6,-0.16,0.63,0.31,0.76,0.57,0.41,-0.89,-0.3,0.41,0.41,-0.01,0.62,0.66,0.56,-0.34,-0.62,0.31,-0.86,0.43,0.51,-0.92,-0.91,0.73,-0.37,0.94,-0.53,-0.04,0.91,-0.79,-0.95,0.36,-0.4,-0.63,0.07,0.97,0.19,-0.54,-0.56,0.08,-0.59,-0.52,
0.12,0.37,0.66,-0.79,0.85,0.33,-0.18,0.41,-0.02,0.15,-0.19,-0.47,-0.69,-0.55,-0.41,-0.65,0.52,-0.88,-0.12,0.89,0.92,0.2,0.45,0.54,0.02,0.33,0.04,-0.76,-0.67,0.02,-0.36,-0.68,0.13,-0.54,0.19,-1,0.88,0.25,-0.9,-0.93,-0.94,0.43,0.06,0.9,0.01,-0.8,0.43,0.09,-0.96,-0.89,
0.7,-0.32,-0.71,-0.36,-0.85,-0.09,-0.55,-0.2,-0.01,-0.17,-0.81,-0.17,-0.34,0.03,-0.44,0.45,-0.24,-0.47,0.26,0.51,-0.6,-0.58,-0.1,0.56,-0.66,0.97,0.16,0.28,0.05,-0.02,-0.43,0.89,0.8,0.46,-0.22,0.44,0.35,0.84,-0.85,0.21,0.12,0.83,-0.83,0.92,-0.61,-0.57,0.73,-0.65,-0.95,-0.62,
-0.38,-0.14,0.48,0.08,0.26,-0.1,0.43,-0.2,-0.89,0.93,-0.97,0.6,0.52,0.77,0.43,0.43,0.69,0.59,0.6,0.86,0.82,0.1,0.36,0.81,0.8,0.36,0.68,0.9,-0.2,-0.49,0.87,0.05,-0.06,-0.76,0.73,-0.86,0.05,-0.12,-0.01,-0.19,-0.08,-0.36,-0.47,-0.27,0.84,0.83,-0.74,0.47,0.03,0.34,
-0.58,-0.37,-0.36,-0.21,0.7,0.31,0.64,0.36,0,-0.06,0.85,0.7,-0.55,0.44,0.24,0.17,0.79,0.21,-0.56,0.67,0.74,-0.93,-0.39,-0.23,-0.71,0.63,-0.65,-0.44,-0.23,0.42,-0.85,-0.48,0.98,0.68,-0.3,0.01,0.59,-0.42,-0.76,0.47,-0.25,0.57,0.75,-0.52,0.47,-0.98,-0.11,-0.22,-0.38,-0.65,
0.75,0.18,0.18,0.94,-0.69,-0.05,0.73,0.04,-0.29,-0.8,-0.12,0.44,0.79,-0.18,-0.33,0.34,-0.76,0.84,0.25,-0.5,-0.74,-0.61,0.65,0.94,0.31,0.4,0.09,-0.37,0.33,0.39,0.11,0.82,-0.5,0.74,-0.39,0.13,-0.18,-0.29,-0.48,-0.13,-0.87,-0.66,-0.4,0.38,-0.27,-0.77,0.85,-0.93,0.42,0.83,
-0.94,-0.4,-0.36,-0.56,-0.33,-0.31,0.81,-0.86,0.56,0.11,-0.36,-0.09,-0.23,-1,-0.55,-0.93,-0.9,-0.3,-0.38,0.48,-0.73,0.52,-0.31,0.39,0.76,0.38,-0.26,-0.4,0.53,-0.79,-0.44,0.23,0.14,0.74,-0.25,-0.81,0.73,-0.7,-0.23,0.43,0.92,0.94,-0.34,0.19,0.04,0.47,0.84,-0.36,0.18,-0.36,
-0.1,0.27,-0.11,-0.81,0.99,0.43,-0.4,-0.42,0.66,0.05,0.62,-0.13,0.17,-0.97,-0.61,-0.58,0.63,-0.24,0.05,-0.95,0.55,0.11,-0.05,-0.76,0.22,0.58,0.68,0.58,0.46,-0.03,-0.2,-0.37,-0.44,-0.37,-0.78,0.92,-0.5,0.65,0.85,0.44,0.33,-0.07,0,0.33,0.98,-1,0.51,0.82,-1,0.5,
0.77,-0.58,-0.62,-0.95,0.63,-0.19,0.85,-0.91,-0.3,0.84,0.32,-0.97,-0.6,-0.33,-0.14,0.09,0.39,0.91,-0.13,0.97,0.98,0.1,0.67,0.12,0.84,0.02,-0.73,-0.75,-0.34,-0.56,-0.02,0.7,0,0.65,0.03,0.86,0.63,-0.23,-0.21,-0.77,0.05,-0.01,0.26,0.82,0.5,0.09,0.41,-0.99,-0.54,0.84,
0.99,-0.28,-0.41,-0.33,0.23,-0.17,0.89,-0.08,0.48,-0.29,-0.94,-0.25,0.36,0.19,0.46,0.18,-0.86,0.25,-0.21,0.88,0.32,0.45,-0.34,0.5,-1,0.77,0.07,-0.49,-0.47,0.7,-0.51,0.23,-0.45,-0.7,-0.59,-0.46,-0.01,0.1,0.55,0.74,-0.75,-0.02,-0.23,0.22,-0.01,-0.94,0.16,-0.39,-0.81,0.99,
-0.6,0.58,-0.28,-0.21,-0.6,0.05,0.45,-0.95,0.9,0.26,0.89,0.69,-0.56,-0.6,0.86,0.18,0.59,0.53,0.57,-0.75,0.14,0.08,0.45,-0.91,-0.06,-0.33,0.39,-0.37,0.69,-0.34,-0.46,0.92,0.17,0.96,-0.66,-0.52,0.71,0.8,-0.57,0.21,0.83,-0.05,0.91,0.41,0.9,0.84,0.67,-0.43,0.41,-0.33,
-0.67,0.46,0.31,0.66,-0.54,0.48,-0.82,-0.15,0.12,0.13,0.3,0.58,0.74,-0.05,0.27,0.08,-0.81,-0.31,0.71,-0.61,-0.8,0.58,-0.45,-0.48,0.61,0.91,-0.61,0.85,0.97,0.42,0.95,0.72,-0.35,0.56,-0.07,0.72,0.5,0.01,0.84,-0.76,0.78,-0.64,0.81,0.75,0.89,0.4,0.96,0.68,-0.64,0.17,
0.77,0.63,0.65,-0.8,0.81,0.58,0.48,0.74,-0.93,0.25,-0.71,0.1,0.7,0.72,-0.72,-0.47,0.53,-0.69,0.38,-0.75,0.44,0.56,-0.68,0.38,-0.96,-0.29,0.93,0.68,0.02,-0.54,-0.1,-0.11,-0.8,-0.22,-0.86,-0.82,-0.83,-0.94,-0.36,-0.57,-0.29,-0.02,0.03,0.04,0.61,0.07,-0.03,0.66,-0.79,-0.07,
0.05,0.55,-0.1,0.93,-0.25,0.44,-0.29,0.16,-0.65,-0.41,-0.4,-0.52,-0.36,-0.6,-0.39,-0.35,0.9,-0.27,0.96,0.87,-0.4,-0.3,0.02,-0.18,-0.25,0.74,0.45,0.13,0.21,0.1,0.07,-0.69,-0.63,0.61,0.99,0.75,0.07,-0.91,-0.16,-0.36,-0.18,0.32,0.67,-0.56,-0.63,-0.17,0.86,-0.16,-0.61,0.44,
0.97,0.56,-0.1,0.18,0.32,-0.65,-0.11,-0.23,0.05,0.26,0.16,-0.07,0.47,-0.38,-0.64,-0.09,0.5,0.43,-1,0.06,0.73,0.13,-0.76,-0.16,-0.7,-0.32,0.28,0.86,0.81,0.12,-0.45,-0.68,0.08,0.07,0.76,-0.57,-0.1,-0.29,0.12,-0.21,0.37,0.15,0.7,0.17,-0.64,0.52,0.27,-0.34,-0.92,0.99,
0.3,-0.94,-0.34,-0.83,-0.33,0.15,-0.99,0.91,0.94,-0.24,0.9,0.71,0.91,0.12,-0.34,0.91,-0.21,0.91,-0.38,-0.55,0.94,-0.48,-0.51,-0.86,0.38,0.32,0.65,0.19,-0.14,0.82,-0.89,0.84,-0.91,0.95,0.77,-0.61,0.72,0.68,0.13,0.09,0.23,0.05,-0.17,-0.61,0.83,-0.35,-0.86,-0.36,-0.37,-0.05,
-0.97,0.96,-0.63,-0.25,0.3,0.2,-0.86,0.54,-0.75,0.93,0.77,-0.94,0.13,-0.97,0.16,-0.43,-0.08,0.95,0.87,-0.73,-0.95,0.58,0.47,0.14,-0.7,-0.66,-0.13,-0.18,0.12,-0.22,0.92,-0.14,-0.46,0.82,-0.66,-0.31,-0.25,0.7,-0.4,0.84,-0.07,-0.44,-0.52,-0.17,-0.58,-0.14,-0.64,-0.03,-0.82,0.48,
0.12,0.81,0.65,-0.34,-0.75,0.35,0.59,0.98,-0.22,0.24,0.6,0.53,0.37,-0.9,-0.75,-0.26,0.6,0.61,-0.4,0.22,0.09,-0.15,0.15,-0.98,0.7,-0.72,0.4,0.06,-0.75,-0.89,-0.4,-0.88,-0.33,-0.7,-0.75,-0.35,-0.37,-0.77,-0.08,-0.82,-0.47,-0.69,-0.61,0.37,-0.64,-0.89,0.15,0.6,0.13,0.2,
0.74,0.78,-0.03,-0.58,-0.73,0.13,-0.36,-0.34,0.93,-0.04,0.39,0.18,-0.83,0.14,-0.41,-0.55,0.94,-0.81,0.63,-0.41,0.51,-0.7,0.96,-0.9,0.08,0.5,-0.69,0.54,0.89,0.76,-0.57,0.54,-0.52,-0.03,0.27,-0.05,0.95,0.16,0.06,-0.72,-0.35,-0.45,0.37,0.63,-0.51,0.67,0.14,0.71,0.27,0.2,
-0.7,0.15,-0.21,-0.83,0.07,0.49,0.04,-0.28,-0.65,0.27,-0.3,0.06,0.19,-0.22,-0.42,-0.94,0.45,-0.89,-0.87,-0.49,0.6,0.87,0.3,-0.54,-0.15,0.46,-0.56,0.61,-0.22,0.27,-0.43,-0.36,0.44,0.5,-0.47,0.17,-0.58,-0.26,0.05,0.51,-0.04,0.77,-0.22,0.51,0.65,-0.15,-0.39,-0.65,-0.07,-0.53,
0.36,-0.86,0.06,-0.13,-0.22,0.35,0.49,-0.43,-0.81,0.05,0.83,-0.58,0.26,-0.25,-0.83,0.16,-0.92,0.13,-0.91,0.51,-0.59,-0.33,0.65,-0.6,0.25,-0.71,-0.79,0.02,-0.45,-0.61,0.88,-0.18,0.49,-0.23,0.11,0.51,0.72,-0.83,-0.02,0.15,-0.15,0.91,0.51,0.16,0.92,-0.18,-0.36,0.9,-0.92,0.01,
0.03,-0.16,-0.84,0.33,0.64,-0.54,0.56,-0.31,0.19,-0.98,0.87,0.46,-0.54,-0.79,0.63,-0.36,-0.99,-0.65,0.89,0.88,0.72,0.58,-0.18,-0.08,-0.15,0.56,-0.45,0.71,-0.94,-0.96,-0.87,-0.34,0.73,-0.1,-0.23,-0.73,-0.17,0.45,0.06,-0.13,0.06,-0.36,0.1,-0.56,0.55,0.6,-0.5,-0.85,-0.54,-0.87,
0.52,0.76,0.46,-0.17,0.79,-0.7,0.44,0.46,-0.42,0.36,-0.01,0.49,0.44,0.02,-0.81,-0.76,0.84,0.91,-0.81,0.45,-0.93,0.48,0.51,-0.59,-0.74,0.89,0.06,-0.5,0.46,-0.18,0.43,0.54,0.25,-0.95,0.02,0.45,0.03,0.74,-0.27,0.76,0.93,-0.05,0.35,0.06,-0.52,0.22,-0.03,-0.53,0.77,0.03,
0,-0.53,-0.8,0.94,0.42,0.24,0.82,-0.63,-0.72,-0.65,-0.88,0.06,0.71,-0.55,-0.48,-0.97,-0.14,0.2,-0.22,0.81,-0.28,0.07,-0.72,0.38,-0.9,0.47,0.02,-0.46,-0.21,-0.37,-0.28,-0.63,-0.07,-0.26,-0.36,0.55,-0.45,0.14,-0.33,0.08,-0.51,0.49,0.75,-0.31,0.32,0.4,0.58,-0.74,-0.49,0.46,
-0.43,0.86,0.25,-0.22,0.07,0.51,0.56,0.66,0.44,-0.57,-0.4,-0.53,0.66,-0.68,-0.28,0.39,-0.09,0.42,-0.82,0.87,0.83,0.86,0.05,0.81,-0.17,0.08,-0.2,0.03,-0.9,-0.02,-0.47,0.81,0.19,-0.64,0.35,0.67,-0.77,0.52,0.4,0.18,0.76,-0.53,0.53,0.84,0.63,-0.37,0.39,-0.5,0.1,-0.9,
0.1,0.9,-0.24,0.59,0.64,0.82,0.21,-0.6,-0.12,-0.61,0.85,0.08,0.16,-0.59,-0.6,-0.63,-0.04,0.26,0.12,-0.72,-0.97,0.45,0.9,0.07,0.26,-0.35,0.81,0,-0.93,0.98,0.28,0.05,0,0.8,-0.26,-0.24,-0.66,-0.79,0.28,-0.37,0.16,-0.4,0.05,0.1,0.35,0.35,0.57,-0.32,0.82,0.8,
-0.48,-0.73,-0.83,-0.52,0.76,0.84,0.31,0.23,0.5,0.82,0.88,-0.28,0.77,-0.18,-0.24,-0.16,0.76,-0.13,-0.1,0.97,-0.92,0.95,-0.56,0.17,-0.24,-0.43,0.76,0.26,0.65,0.61,-0.74,0.29,-0.95,0.97,-0.38,0.86,0.52,-0.87,0.76,-0.7,-0.23,-0.23,-0.02,-0.85,0.53,0.81,-0.22,-0.93,0.98,-0.27,
-0.55,-0.72,-0.74,0.62,0.04,-0.97,-0.58,-0.3,-0.63,-0.28,0.6,0.63,-0.89,0.48,0.38,0.22,-0.83,-0.6,-0.38,-0.83,-0.15,-0.35,0.47,-0.11,-0.43,-0.08,-0.19,0.22,-0.34,-0.4,0,-0.17,0.15,-0.42,0.41,0.82,0.51,-0.15,0.93,0.31,0.59,-0.18,0.26,-0.96,0.07,0.17,-0.64,0.14,-0.32,-0.83,
-0.52,-0.3,0.05,0.48,0.59,-0.18,0.52,-0.69,0.44,0.77,0.2,-0.72,-0.49,0.63,0.88,-0.76,-0.59,-0.86,0.54,-0.96,-0.33,-0.74,-0.87,-0.06,-0.84,0.63,0.05,0.26,0.21,-0.47,0.01,-0.54,0.44,0.87,-0.31,0.76,0.85,0.92,0.44,0.43,-0.77,-0.02,-0.93,0.03,-0.67,-0.09,-0.84,0.5,0.43,0.38,
-0.91,0.75,0.12,0.37,0.77,-0.64,-0.63,-0.68,0.8,-0.32,-0.64,-0.17,0.41,0.82,-0.87,-0.6,0.61,0.49,0.13,-0.49,0.29,-0.64,0.57,-0.47,-0.2,-0.16,-0.91,0.78,0.58,-0.17,-0.79,-0.9,-0.4,-0.13,0.5,0.78,-0.35,-0.08,-0.38,0.56,-0.71,-0.5,-0.42,0.48,0.8,-0.98,-0.52,-0.55,0.89,-0.58,
-0.92,0.23,-0.97,-0.93,-0.5,0.94,-0.89,-0.89,-0.2,0.67,0.11,-1,0.18,0.42,0.71,-0.32,-0.45,0.64,-0.06,-0.31,-0.42,-0.07,0,-0.22,-0.47,0.93,-0.19,-0.26,-0.68,0.7,-0.6,-0.28,-0.55,0.37,0.01,0.76,0.98,0.21,0.6,0.98,-0.68,-0.64,0.39,0.96,-0.37,0.9,-0.71,0.89,-0.26,0.75,
0.85,0.67,0.53,0.48,-0.36,-0.28,0.56,-0.44,-0.54,-0.07,0.49,-0.37,0.32,-0.7,-0.2,0.23,-0.03,-0.46,0.62,0.15,-0.62,-0.34,0.92,-0.76,-0.58,0.92,0.22,0.62,-0.96,-0.74,0.68,0.55,-0.77,-0.57,-0.33,-0.19,-0.57,-0.43,0.51,0.46,-0.91,0.71,-0.93,0.88,0.91,-0.55,-0.9,-0.57,0.97,-0.26,
-0.39,0.74,-0.21,0.78,-0.99,0.71,-0.4,-0.32,0.82,0.46,-0.46,0.33,-0.92,-0.52,0.71,-0.91,-0.11,-0.71,-0.89,-0.03,0.03,0.04,-0.57,-0.46,0.43,0.93,0.7,0.25,0.14,-0.77,0.78,0.32,0.43,-0.57,-0.99,-0.33,-0.26,-0.15,-0.68,0.91,0.96,-0.86,-0.08,-0.01,-0.58,-0.7,-0.09,0.04,0.62,-0.86,
-0.35,0.67,0.15,0.68,-0.08,-0.64,0.56,-0.94,0.41,-0.87,-0.2,0.21,-0.44,0.06,0.53,0.87,0.09,-0.2,0.07,0.02,0.04,0.21,-0.58,-0.14,-0.55,0.91,0.98,-0.55,-0.51,0.21,0.26,-0.62,-0.15,-0.88,0.07,0.08,0,-0.95,-0.61,0.07,0.27,-0.38,0.73,-0.69,-0.21,-0.93,-0.74,0.48,-0.73,0.99,
0.08,0.26,0.54,-0.57,0.94,-0.01,-0.65,-0.85,0.17,0.33,0.79,0.47,-0.14,0.87,-0.93,-0.13,-0.92,0.95,-0.18,-0.26,-0.54,0.21,0.06,0.99,-0.6,-0.25,0.02,-0.03,0.3,-0.44,-0.66,-0.19,-0.38,-0.06,0.35,0.97,0.88,-0.97,-0.72,-0.17,0.82,0.66,0.54,0.91,0.69,-0.69,0.18,0.53,-0.75,0.96,
0.92,0.14,0.95,0.58,0.4,-0.76,0.37,-0.24,0.82,-0.03,-0.74,0.5,-0.72,0.25,-1,0.4,-0.69,-0.86,-0.78,-0.69,-0.83,-0.8,0.22,0.84,0.81,-0.8,0.67,-0.83,-0.4,0.45,-0.22,-0.19,0.16,0.5,-0.7,-0.56,-0.86,0.15,-0.35,-0.11,-0.21,-0.46,-0.99,-0.79,0.59,-0.65,0.95,-0.35,-0.35,0.51,
0.86,0.36,0.46,-0.82,0.75,-0.08,0.74,-0.09,0.69,0.13,0.59,-0.28,-0.37,-0.51,-0.21,0.34,0.89,-0.83,-0.36,0.82,0.35,-0.64,-0.11,0.37,0.75,-0.21,0.32,-0.39,0.33,-0.31,0.66,0.2,0.36,-0.88,0.43,0.8,-0.04,0.92,-0.89,-0.48,-0.47,0.66,-0.04,-0.14,0.57,0.32,0.77,-0.59,-0.58,0.03,
0.14,0.85,0.07,-0.32,-0.56,0.37,0.25,0.79,0.71,0.2,-0.2,-0.83,-0.37,-0.76,0.5,-0.23,-0.76,-0.17,0.78,-0.78,-0.55,0.74,-0.7,-0.26,-0.93,-0.58,-0.21,0.62,-0.27,0.68,0.49,0.72,0.71,-0.15,-0.87,-0.27,-0.52,-0.93,-0.43,-0.75,-0.16,0.75,0.8,0.39,0.54,0.91,-0.94,-0.42,-0.4,0.42,
0.99,0.48,0.96,0.21,0.37,0.48,-0.25,-0.95,-0.06,-0.97,0.69,0.06,0,0.78,0,0.86,-0.3,0.31,0.72,0.54,0.74,0.05,-0.3,0.92,-0.85,0.33,-0.61,-0.62,0.44,-0.65,0.72,0.82,0.09,0.72,-0.76,-0.21,-0.6,-0.48,0.1,-0.54,0.45,0.83,0.67,-1,-0.51,0.92,0.49,0.67,0.01,0.62,
0.93,-0.57,0.05,0.55,0.79,0.79,0.55,0.26,-0.04,0.41,-0.74,0.67,0.36,-0.66,-0.93,0.24,0.85,0.57,-0.02,0.3,0.02,-0.54,0.2,0.98,-0.24,-0.11,0.07,0.66,-0.78,-0.88,-0.89,-0.85,-0.45,-0.02,0.4,0.59,0.45,-0.11,0.76,-0.87,0.95,-0.33,-0.86,-0.68,-0.52,0.39,-0.34,-0.94,-0.54,0.26,
0.68,-0.93,0,0.24,-0.49,-0.92,-0.28,0.34,-0.17,0.32,-0.61,0.47,-0.53,0.68,0.74,-0.7,0.34,-0.47,0.93,-0.9,0.32,0.88,-0.82,0.37,0.63,0.57,0.24,-0.59,0.44,0.13,0.04,-0.92,-0.68,-0.43,0.36,-0.27,-0.49,0.74,-0.66,0.19,-0.2,-0.9,-0.92,0.06,-0.99,-0.3,0.02,0.76,-0.69,-0.14,
-0.01,0.73,-0.11,-0.9,-0.57,0.66,-0.42,-0.54,0.63,-0.41,0.37,0.41,0.99,-0.81,-0.32,-0.27,0.62,-0.4,-0.61,0.18,0.8,0.87,0.94,-0.04,0.92,0.93,0.77,-0.67,0.58,-0.69,0.76,-0.44,-0.78,0.15,-0.06,0.35,0.91,-0.41,-0.91,-0.41,-0.77,0.21,0.87,-0.83,-0.33,-1,-0.16,0.27,-0.83,-0.38,
0.83,-0.35,-0.72,0.39,0.85,-0.62,-0.28,-0.75,0.6,-0.66,0.35,0.48,-0.28,-0.56,0.16,0.15,-0.32,0.23,0.81,0.44,-0.09,-0.32,0.1,0.96,0.84,-0.61,0.88,-0.53,-0.22,-0.24,0.58,0.59,0.64,-0.92,-0.97,-0.7,0.42,-0.64,-0.84,-0.11,0.41,0.51,0.61,0.66,0.84,0.47,0.79,0.26,0.78,0.26,
-0.61,0.4,-0.31,-0.74,0.85,-0.08,0.27,0.98,0.37,-0.85,0.48,-0.78,-0.67,0.42,0.01,-0.03,0.61,0.09,0.44,-0.02,0.12,0.14,0.92,0.94,0.32,-0.46,-0.3,-0.57,-0.32,0.08,0.04,0.68,-0.09,-0.45,-0.91,0.71,-0.37,-0.75,0.61,0.19,0.31,-0.19,0.18,-0.13,0.06,0.08,-0.02,0.58,0.34,-0.53,
0.04,-0.43,-1,-0.64,-0.34,-0.99,-0.84,-0.32,-0.8,-0.38,0.91,-0.4,-0.3,0.69,-0.98,-0.42,0.66,-0.12,0.78,-0.5,0.4,0.28,-0.42,0.8,0.7,-0.95,0.29,0.92,-0.32,0.74,-0.83,0.73,0.24,0.19,-0.93,0.66,0.54,0.5,0.16,-0.13,-0.5,0.78,0.07,0.9,-0.23,-0.51,-0.96,0.73,-0.4,0.46,
-0.84,0.99,-0.66,0.78,-0.3,-0.27,0.22,0.62,-0.94,-0.25,-0.98,-0.36,0.16,0.75,-0.62,-0.87,-0.54,0.53,-0.68,0.12,-0.27,0.51,0.02,0.53,-0.66,0.47,0.72,-0.76,0.69,-0.53,-0.96,-0.05,-0.82,-0.59,-0.81,-0.39,0.27,0.43,-0.86,0.25,0.92,0.4,0,0.82,0.33,-0.4,0.42,-0.88,-0.47,0.56,
0.16,0.91,-0.36,0.89,-0.82,-0.74,0.7,0.55,0.79,-0.85,-1,0.21,0.41,0.69,0.44,-0.76,-0.46,-0.35,0.88,-0.37,0.48,0.42,0.36,0.8,-0.89,0.75,-0.23,0.64,-0.1,-0.26,-0.88,-0.92,0.03,-0.41,0.67,0.53,0.97,0.89,-0.96,0.73,-0.97,-0.32,-0.89,0.22,-0.93,0.82,-0.26,0.31,0.39,0.75,
-0.45,-0.67,-0.78,-0.56,0.98,0.31,-0.38,-0.73,-0.4,0.45,0,0.05,0.31,-0.87,-0.68,-0.49,0.66,-0.81,0.68,0.46,0.44,-0.26,0.23,-0.68,-0.2,0.39,-0.33,-0.36,-0.92,0.54,0.54,-0.55,-0.06,0.4,0.63,0.13,-0.02,-0.04,-0.47,0.86,0.61,0.52,-0.48,0.28,0.7,-0.82,-0.76,0.05,-0.21,0.21,
0.86,0.2,-0.86,-0.98,0,0.24,0.2,0.48,-0.2,-0.71,-0.03,-0.69,0.24,0.25,-0.26,0.28,0.24,-0.88,-0.96,-0.4,-1,0.32,0.66,0.24,0.84,-0.54,-0.28,0.43,0.42,-0.47,-0.04,0.5,0.71,-0.19,0.97,0.08,-0.64,-0.45,0.55,-0.16,0.34,-0.93,-0.86,-0.68,0.84,0.33,0.71,-0.29,-0.44,0.17,
0.07,0.74,-0.36,0.77,0.61,-0.1,-0.34,-0.55,-0.94,0.49,0.94,-0.39,-0.9,-0.44,-0.65,0.17,0.9,-0.84,0.81,0.36,0.68,0.72,-0.22,0.73,-0.13,-0.95,0.5,0.51,0.6,0.26,0.99,-0.08,-0.84,-0.29,0.48,-0.67,-0.97,-0.95,0.93,-0.72,0.56,0.4,0.32,0.62,0.49,0.43,0.87,-0.74,-0.5,-0.05,
