0.91,-0.42,-0.92,0.26,0.21,0.65,0.04,0.95,0.94,-0.14,0.94,-0.96,-0.13,0.31,0.5,-1,
-0.29,0.21,0.01,0.45,0.24,0.19,-0.19,-0.86,0.3,0.8,-0.8,-0.84,-0.04,0.15,-0.54,0.63,
-0.07,0.41,0.31,-0.77,-0.79,0.99,0.65,0.36,0.8,-0.62,0.66,-0.97,-0.82,0.85,0.36,0.23,
-0.61,0.91,-0.84,-0.82,0.69,0.76,0.36,0.79,0.63,0.12,0.25,-0.36,-0.36,-0.67,-0.92,0.43,
0.69,-0.93,-0.52,-0.65,-0.8,-0.42,0.6,-0.6,0.42,0.76,0.73,0.5,-0.59,-0.82,-0.56,0.46,
0.69,0.6,0.37,-0.51,0.39,-0.14,-0.98,-0.45,0.52,0.69,0.09,-0.6,0.85,0.97,-0.76,0.72,
-0.41,-0.35,-0.04,0.12,0.49,0.02,-0.97,0.3,-0.05,-0.89,-0.91,0.57,-0.55,0.56,0.84,-0.86,
-0.88,0,-0.92,0.34,-0.95,-0.99,0.92,-0.98,-0.6,0.75,0.26,-0.21,-0.34,0.04,0.88,0.46,
-0.74,-0.5,-0.43,-0.05,-0.2,0.69,0.01,0.03,-0.21,-0.53,-0.51,-0.44,-0.38,0.69,0.74,-0.2,
-0.91,0.8,-0.46,-0.43,-0.23,0.12,0.12,-0.8,0.31,-0.81,-0.93,0.43,-0.4,-0.03,0.33,-0.99,
0.91,-0.73,0.32,0.43,-0.69,-0.55,0.66,-0.76,0.6,-0.47,0.17,0.98,-0.41,-0.6,0.57,-0.38,
0.28,0.27,-0.51,0.54,0.71,-0.41,0.07,-0.96,-0.5,-0.56,-1,0.74,-0.78,-0.04,-0.81,-0.92,
0.29,-0.82,0.69,-0.98,-0.13,0.53,-0.31,-0.42,-0.76,0.87,0.89,-0.12,-0.88,0.3,0.81,-0.52,
-0.44,0.97,0.14,0.44,-0.52,-0.74,-0.18,-0.41,-0.87,0.31,-0.27,0.73,0.85,0.02,0.43,-0.92,
0.77,-0.19,-0.99,-0.62,-0.89,-0.3,-0.48,-0.2,-0.85,-0.24,-0.82,0.5,-0.89,0.74,-0.78,-1,
-0.59,-0.93,-0.42,0.73,0.72,0.74,-0.89,0.93,0.95,-0.21,0.71,0.88,-0.15,-0.42,-0.37,0.45,
-0.06,0.28,0.06,-0.31,0.05,0.79,0.22,-0.03,-0.62,-0.31,-0.58,-0.36,0.41,0.56,-0.44,-0.87,
-0.8,-0.96,0.67,0.67,0.82,0.1,-1,-0.54,-0.07,-0.44,0.88,-0.73,-0.99,-0.16,0.73,-0.65,
0.29,-0.63,-0.54,0.65,0.45,-0.92,-0.85,0.16,-0.15,-0.2,0.5,0.26,0.41,-0.96,-0.09,0.18,
-0.43,-0.71,-0.89,0.75,0.59,0.86,0.51,0.3,0.94,-0.14,-0.63,-0.9,-0.14,0.17,-0.69,0.26,
0.22,0.78,-0.01,-0.46,0.16,0.97,-0.96,0.54,0.39,0.48,0.42,0.2,0.13,0.91,-0.29,-0.48,
0.67,-0.2,0.08,0.33,0.9,0.63,0.7,-0.71,0.79,0.62,-0.53,0.84,-0.33,0.32,0.27,-0.27,
0.04,0.19,-0.73,0.78,-0.58,-0.33,-0.77,0.95,-0.59,0.77,0.39,0.49,0.05,0,0.32,0.19,
0.27,0.59,-0.4,0.6,-0.64,0.84,0.92,0.26,0.84,0.63,-0.76,0.11,0.76,0.53,-0.16,0.66,
0.63,-0.82,-0.64,0.04,0.54,0.45,-0.27,0.91,0.9,-0.36,0.71,-0.62,-0.62,-0.72,-0.49,-0.38,
-0.27,0.21,0.86,-0.03,-1,-0.67,-0.52,-0.22,0.68,-0.99,0.61,0.09,0.59,0.81,0.9,0.31,
-0.24,0.33,0.2,-0.53,0.24,0.76,-0.1,0.97,0.07,-0.68,0.92,0.63,-0.92,-0.55,0.94,-0.41,
-0.4,-0.45,0.81,-0.91,-0.09,0.74,-0.24,0.41,0.16,0.49,-0.01,0.79,-0.06,-0.37,0.33,-0.35,
-0.17,-0.53,0.18,-0.2,-0.66,0.42,0.39,0.43,-0.61,0.37,-0.36,0.88,0.82,-0.27,-0.66,0.56,
0.36,-0.28,-0.69,-0.62,0.25,0.52,0.39,-0.89,-0.65,0.74,-0.39,-0.2,-0.95,-0.45,-0.36,0.99,
-0.93,-0.27,-0.14,-0.41,-0.67,-0.23,-0.82,0.55,0.23,-0.4,-0.31,0.6,0.05,-0.92,0.08,0.06,
-0.94,-0.16,-0.37,0.52,-0.07,0.5,-0.63,0.51,0.25,0.4,0.5,-0.46,-0.79,0.25,0.05,-0.61,
-0.67,-0.5,-0.04,0.59,-0.8,0.57,0.93,-0.98,0.19,-0.92,0.02,0.53,0.6,-0.12,-0.54,0.97,
0.34,-0.72,0.25,-0.59,-0.4,-0.99,-0.02,0.31,0.08,0.68,-0.76,0.95,-0.54,-0.1,-0.28,-0.13,
0.37,0.46,-0.32,-0.86,0.61,0,0.26,0.16,0.78,0.89,-0.58,-0.15,-0.64,-0.65,0.54,0.17,
-0.61,0.34,0.77,0.43,0.29,-0.52,0.86,-0.15,0.98,0.77,-0.5,-0.12,0.59,-0.95,0.47,-0.12,
0.82,-0.1,0.06,-0.62,-0.36,0.08,0.79,-0.28,0.08,-0.01,-0.49,0.33,0,-0.19,-0.05,0.62,
-0.02,0.32,0.31,-0.16,0.81,0.79,-0.71,-0.78,0.31,-0.85,0.8,0.01,0.76,0.43,0.47,0.86,
