-0.64,0.97,0.81,0.11,-0.54,-0.08,-0.12,-0.18,-0.85,-0.72,0.54,0.93,-0.07,-0.97,-0.29,-0.05,-0.63,0.97,0.38,-0.14,-0.39,-0.13,-0.43,-0.75,-0.74,-0.68,0.53,-0.65,-0.71,0.93,0.31,0.9,-0.17,0.91,-0.21,-0.55,0.97,0.11,
-0.84,-0.86,-0.63,0.69,-0.35,0.06,0.07,0.52,-0.7,0.44,-0.29,-0.83,-0.31,-0.51,-0.29,0.61,0.9,0.09,0.15,0.4,-0.74,0.65,0.51,-0.8,-0.68,-0.98,-0.59,0.51,0.1,-0.45,0.4,-0.16,0.01,0.62,0.48,-0.85,0.65,0.05,
0.38,-0.57,-0.72,0.78,0.7,-0.69,-0.03,0.63,-0.72,-0.16,0.17,0.64,-0.28,-0.94,-0.87,0.69,0.34,0.13,0.53,-0.07,-0.64,0.26,0.52,0.95,0.61,-0.63,-0.36,-0.78,0.78,-0.47,-0.84,0.32,0.78,-0.49,0.29,0.26,-0.92,-0.76,
-0.47,0.8,0.55,-0.94,0.74,0.43,0.93,-0.65,0.14,-0.94,-0.75,-0.77,-0.79,0.97,-0.87,0.39,-0.05,0.23,-0.47,-0.82,-0.12,-0.26,0.51,0.8,-0.1,0.97,-0.73,0.77,-0.7,-0.31,0.35,0.23,0.85,0.24,-0.54,-0.61,0.2,0.18,
0.9,-0.54,-0.27,-0.31,-0.27,-0.38,-0.4,-0.96,-0.96,0.18,0.07,0.57,0.11,0.31,0.82,-0.53,0.41,0.32,-0.99,0.06,0.17,-0.24,-0.18,0.34,-0.05,0.29,0.49,0.47,-0.01,0.85,0.15,-0.59,0.98,-0.39,0.47,0.48,0.98,0.36,
-0.45,-0.52,0.93,0.05,-0.66,-0.81,0.69,-0.93,0.84,0.15,-0.26,-0.48,-0.53,-0.31,0.51,0.98,0.01,-0.36,-0.5,-0.5,0.14,0.38,0.15,0.29,0.43,-0.19,0.71,-0.92,0.35,0.32,-0.12,-0.33,-0.79,0.47,-0.81,-0.26,0.34,-0.4,
0.61,-0.38,0.28,-0.6,-0.68,0.57,-0.01,0.25,-0.97,-0.56,0.68,-0.15,-0.54,0.33,0.27,-0.21,-0.39,-0.74,-0.47,-0.8,0.47,0.28,0.49,-0.55,0.67,-0.61,0.66,-0.65,0.72,0.77,0.1,-0.68,-0.76,-0.59,0.42,-0.72,-0.87,-0.62,
0.1,0.78,0.51,0.12,-0.83,0.72,-0.47,-0.33,-0.87,0.87,0.47,-0.91,-0.8,-0.08,-0.77,0.65,0.82,-0.93,0.63,-0.07,-0.41,0.62,0.3,0.43,-0.25,0.5,0.02,-0.52,-0.2,-0.27,0.38,0.28,0.75,0.32,0.4,0.54,0.87,0.48,
0.89,0.15,0.06,-0.86,0.79,0.45,-0.88,0.11,0.43,-0.3,-0.35,0.39,-0.25,-0.71,0.31,0.91,0.9,-0.96,0.88,-1,0.71,0.7,0.6,-0.23,-0.54,-0.01,0.66,0.22,0.85,-0.19,-0.97,0.19,-0.37,0.82,-0.76,-0.59,0.75,0.84,
-0.38,0.43,-0.26,-0.64,-0.85,0.59,0.36,0.98,0.74,0.38,0.36,0.99,0.85,-0.07,-0.53,-0.76,-0.71,-0.02,-0.01,-0.7,0.72,-0.46,-0.92,0.58,0.23,0.08,-0.34,-0.89,0.91,0.14,-0.55,-0.94,0.29,-0.01,-0.98,0.98,-0.14,-0.79,
0.86,-0.84,-0.24,0.63,0.03,0.76,0.14,-0.23,0.45,-0.51,0.6,-0.93,-0.61,-0.91,-0.13,0.59,-0.05,0.45,-0.02,-0.49,-0.84,0.87,0.09,0.15,-0.55,-0.88,0.33,-0.26,0.33,-0.71,-0.84,0.71,-0.03,-0.15,-0.78,0.14,-0.15,-0.75,
0.36,-0.68,0.54,0.1,0.2,0.55,-0.65,0.65,0.22,-0.62,0.75,-0.11,-0.91,0,0.75,0.02,0.96,0.55,0.29,-0.74,-0.42,0.82,-0.08,0.44,-0.79,0.63,-0.88,-0.02,-0.49,-0.85,-0.12,-0.93,0.22,0.03,0.3,0.58,0.41,0.12,
-0.29,-0.02,0.94,-0.11,-0.6,-0.38,-0.37,0.59,-0.36,0.55,0.8,0.77,-0.77,-0.69,-0.51,-0.54,0.59,-0.68,0.55,0.08,-0.87,-0.58,0.72,0.78,0.77,-0.39,-0.11,-1,-0.99,-0.26,-0.2,0.97,0.87,0.83,0.37,-0.91,-0.42,0.29,
-0.4,-0.23,-0.09,0.86,0.95,0.27,-0.11,-0.32,-0.91,-0.9,0.97,0.89,-0.08,0.9,-0.18,0.23,-0.85,-0.73,-1,0.93,-0.72,0.32,-0.69,-0.42,-0.44,-0.26,-0.93,-0.95,0.58,-0.7,-0.71,-0.58,-1,-0.8,-0.2,-0.55,0.95,-0.88,
0.57,-1,0.39,-0.02,0.28,0.18,-0.53,0.84,0.4,0.73,-0.22,0.39,-0.39,-0.09,0.47,0.07,-0.17,-0.63,0.17,0.27,-0.58,0.87,0.13,-0.19,-0.44,0.12,-0.24,-0.95,0.11,-0.19,0.71,-0.92,0.64,0.48,0.02,0.5,-0.14,0.95,
-0.87,0.4,-0.57,-0.83,-0.19,-0.68,-0.21,-0.56,-0.06,0.02,-0.37,-0.4,-0.29,-0.8,0.57,-0.42,-0.33,-0.12,-0.16,-0.24,-0.61,0.28,-0.85,0.29,0,0.87,-0.55,-0.76,0.86,-0.78,-0.68,0.74,-0.07,-0.67,0.82,0.67,0.11,0.15,
0.67,-0.8,0.34,-0.81,-0.59,0.66,0.91,-0.67,0.04,-0.74,0.31,0.81,0.21,0.58,0.05,-0.62,0.45,-0.81,-0.71,0.89,-0.58,0.63,0.75,0.87,0.1,-0.56,-0.61,-0.93,-0.77,-0.06,0.44,0.09,0.18,0.22,0.38,0,0.3,0.88,
0.4,-0.05,0.55,-0.98,-0.75,-0.86,-0.85,0.73,-0.81,-0.39,0.73,-0.69,-0.78,-0.14,-0.67,0.25,0.18,-0.73,-0.84,-0.28,-0.57,-0.3,-0.72,0.59,0.56,0.16,0.13,0.67,-0.1,-0.85,0.37,-0.87,-0.22,-0.16,0.98,0.71,-0.14,-0.15,
0.5,0.29,0.16,0.43,0.23,0.82,0.19,-0.54,-0.01,0.27,-0.14,-0.85,0.01,-0.68,0.14,-0.38,0.34,-0.51,0.16,-0.1,0.55,0.06,-0.77,0.34,-0.84,0.22,-0.38,0.61,0.12,-0.4,-0.11,0.12,-0.87,0.23,0.96,-0.89,0.39,0.28,
-0.27,0.41,-0.12,0.77,0.84,0.03,0.03,-0.64,-0.01,0.92,-0.87,0.73,0.19,0.98,-0.01,-0.64,-0.93,-0.76,0.81,-0.18,0.07,0.03,-0.74,-0.3,-0.42,0.21,-0.38,0.79,0.56,-0.28,-0.8,-0.32,0.79,0.39,-0.44,-0.26,0.06,0.56,
-0.88,0.73,-0.37,0.3,-0.27,0.3,0.25,-0.45,-0.84,0.56,0.97,0.89,-0.43,-0.46,0.26,0.32,-0.08,0.76,0.94,0.67,-0.45,0.04,0.15,0.2,0.83,-0.26,-0.87,-0.27,-0.1,0.71,-0.54,0.24,-0.63,-0.97,-0.24,0.81,-0.75,0.45,
0.18,-0.69,-0.97,0.79,-0.78,-0.4,-0.32,0.58,-0.47,-0.74,-0.54,-0.41,0.76,-0.98,-0.11,0.39,-0.75,0.94,0.01,-0.72,0.6,0.09,0.52,-0.16,-0.08,-0.59,-0.9,0.97,-0.4,-0.5,0.5,-0.02,0.15,-0.63,0.4,0.53,-0.4,-0.61,
0.74,-0.35,0.94,0.03,0.76,0.42,0.96,-0.18,0.63,0.07,-0.7,0.18,-0.41,-0.2,-0.81,-0.2,0.36,0.8,0.54,-0.82,0.78,0.64,0.43,-0.29,0.69,0.96,-0.09,0.05,-0.73,-0.31,-0.38,-0.79,-0.93,0.76,-0.24,-0.95,0.93,0.22,
-0.46,-0.77,-0.85,0.93,0.39,-0.72,0.4,0.26,0.99,-0.17,-0.57,0.87,0.46,0.18,-0.21,0.19,-0.01,-0.54,-0.68,0.67,0.51,0.15,0.52,-0.76,-0.07,-0.3,0.66,0.46,0.56,-0.81,-0.73,0.03,0.99,-0.91,0.15,0.72,0.51,-0.88,
-0.29,0.35,0.86,0.81,-0.91,-0.42,0.71,-0.45,0.67,-0.13,-0.5,0.09,0.63,0.65,-0.06,-0.73,0.86,-0.11,-0.36,-0.5,0.56,-0.12,0.53,0.13,-0.08,-0.72,-0.78,0.92,-0.28,0.09,0.31,0.74,-0.65,0.46,-0.86,-0.31,0.37,-0.99,
-0.06,0.56,0.87,-0.33,0.24,0.26,-0.4,-0.01,0.44,0.53,-0.42,0.13,-0.05,-0.1,0.85,-0.26,-0.89,0.74,0.25,-0.5,-0.4,-0.48,0.66,-0.4,0.02,0.3,0.69,0.12,-0.74,0.09,-0.95,-0.53,-0.9,0.97,-0.01,0.32,-0.37,0.28,
-0.51,0.72,0.25,-0.15,0.12,0.11,0.86,0.48,0.97,-0.69,-0.25,-0.64,-0.87,0.28,0.91,-0.95,-0.55,0.04,0.84,0.84,0.29,0.21,0.75,-0.4,0.23,-0.79,-0.93,0.7,0.18,-0.42,0.89,0.78,-0.01,0.74,-0.46,0.99,0.16,0.48,
0.14,-0.83,0.36,0.11,-0.2,-0.18,0.66,0.27,0.13,0.64,-0.07,0.46,-0.11,-0.84,-0.09,-0.96,0.64,-0.19,0.4,0.7,-0.31,-0.17,-0.86,-0.32,0.33,0.42,0.78,0.53,-0.58,0.52,-0.46,-0.45,0.34,-0.43,0.53,0.23,0.22,0.12,
-0.22,-0.78,0.94,-0.93,0.33,0.77,0.3,0.95,0.5,-0.34,0.69,0.98,-0.6,-0.69,0.41,0.6,-0.27,0.86,-0.6,0.79,-0.06,-0.14,0.62,0.18,0.33,-0.91,-0.86,0.25,-0.99,-0.33,0.93,-0.94,0.99,-0.06,-0.52,-0.53,-0.46,-0.14,
