-0.13,-0.1,0.99,0.27,0.1,-0.88,-0.04,0.89,-0.37,-0.75,-0.42,-0.1,0.34,0.01,-0.09,0.22,0.39,-0.28,0.06,-0.87,0.02,0.48,0.64,-0.09,-0.98,-0.33,-0.51,-0.41,0.89,
-0.43,-0.76,0.33,0.66,-0.01,-0.68,0.11,0.2,0.1,0.45,0.89,0.98,-0.82,-0.98,-0.63,0.51,-0.36,-0.4,0.14,-0.47,-0.18,0.27,0.03,0.76,0.87,-0.16,0.58,0.92,0.51,
0.54,0.37,-0.33,0.4,0.25,0.05,-0.88,0.2,0.88,0.25,-0.55,0.72,0.7,-0.22,-0.86,-0.82,0.67,-0.92,-0.3,-0.96,-0.77,-0.01,-0.03,0.57,0.4,0.63,-0.9,-0.33,-0.2,
-0.39,0.87,-0.79,0.65,0,-0.09,-0.83,-0.44,0.06,-0.2,0.46,-0.89,-0.1,-0.86,0.36,-0.09,-0.46,0.42,-0.36,0.53,-0.4,-0.26,0.66,0.64,-0.21,0.99,0.12,-0.13,-0.49,
0.64,0.73,0.27,0.92,-0.33,-0.07,0.29,-0.41,-0.15,-0.34,0.77,0.46,-0.33,-0.52,0.81,0.98,-0.18,0.29,-0.25,0.02,-0.86,-0.87,0.92,-0.43,-0.01,-0.76,0.88,0.72,-0.76,
-0.25,-0.5,-0.79,0.17,-0.2,0.23,-0.37,-0.14,0.92,-0.39,-0.04,0.37,0.27,-0.68,-0.13,-0.24,-0.25,-0.26,-0.59,-0.74,0.44,-0.24,-0.7,0.76,0.92,0.49,-0.37,0.78,0.13,
0.09,-0.17,0.8,0.83,-0.96,0.39,-0.54,-0.4,0.39,0.06,0.11,0.89,-0.57,-0.75,0.17,-0.69,-0.86,0.78,0.16,0.53,-0.65,-0.17,0.82,0,-0.07,-0.39,-0.58,0.45,-0.14,
-0.86,-0.69,-0.67,0.28,0.4,0.78,-0.81,0.57,-0.01,-0.54,0.13,0.03,-0.28,-0.24,0.32,0.54,0.67,0.96,-0.26,0.61,0.22,0.07,0.56,0.02,-0.09,0.09,-0.55,-0.94,0.08,
-0.32,0.6,0,-0.87,-0.67,-0.59,-0.39,-0.78,-0.57,-0.21,-0.16,-0.94,-0.94,0.36,0.19,-0.33,0.58,-0.86,0.06,0.78,-0.08,0.12,-0.02,-0.91,-0.28,-0.32,-0.16,-0.33,-0.77,
-0.81,0.83,-0.32,-0.13,-0.62,0.52,-0.31,-0.11,-0.44,0.73,-0.73,0.34,-0.32,-0.41,0.95,-0.3,0.84,-0.89,-0.51,0.08,-0.27,-0.25,-0.83,0.9,0.62,-0.02,-0.87,-0.25,0.83,
-0.78,-0.51,0.98,-0.37,0.37,-0.41,-0.98,0.86,0.36,0.26,-0.78,-0.38,0.42,-0.27,0.88,0.04,0.21,-0.24,0.41,-0.58,-0.16,0.95,0.19,0.6,-0.95,-0.86,-0.43,-0.29,-0.21,
-0.69,0.25,-0.93,0.86,0.82,-0.69,-0.6,0.94,0.85,-0.06,-0.4,0.1,-0.68,-0.51,-0.64,0.3,-0.67,0.48,0.5,0.74,-0.77,-0.89,0.88,-0.76,0.68,0.9,-1,-0.6,0.35,
0.89,0.11,0.47,0.75,0.02,-0.4,-0.18,-0.91,-0.55,-0.21,-0.33,-0.28,0.47,-0.71,-0.68,-0.97,0.78,0.13,0.83,0.31,-0.69,-0.57,-0.09,-0.47,-0.35,-0.68,-0.68,0.54,-0.74,
-0.65,-0.16,-0.87,0.4,0.87,-0.48,0.49,0.25,-0.64,-0.87,0.48,0.18,0.3,-0.48,-0.05,-0.44,-0.64,0.28,-0.06,0.04,-0.71,-0.05,-0.54,-0.71,-0.27,-0.62,0.82,0.43,0.42,
0.97,-0.77,-0.58,-0.2,0.13,-0.44,-0.16,-0.74,0.64,-0.28,0.23,0.77,0.46,0.81,0.86,0.47,-0.78,0.17,-0.46,0.37,-0.15,-0.73,-0.16,-0.91,-0.28,0.08,-0.95,0.99,0.52,
0.3,-0.56,-0.88,0.81,-0.36,0.6,-0.69,-0.68,-0.28,-0.47,-0.8,-0.34,0.22,-0.68,-0.98,-0.49,0.33,-0.9,-0.26,0.03,-0.09,0.48,-0.32,0.27,-0.04,-0.39,-0.24,0.08,-0.65,
-1,0.33,-0.67,0.52,-0.11,0.72,0.38,0.89,0.05,-0.03,0.11,-0.96,-0.92,-0.42,0.57,-0.11,-0.41,0.76,0.27,-0.72,0.74,0.49,0.37,0.85,0.23,0.74,-0.63,-0.7,0.4,
-0.86,-0.9,0.32,0.25,-0.08,0.14,-0.9,0.26,0.74,0.3,0.26,-0.85,-0.07,-0.13,0.01,-0.71,-0.81,0.19,-0.78,0.56,0.06,-0.94,-0.42,-0.47,-0.94,-0.9,-0.46,-0.01,-0.22,
-0.27,0.96,-0.2,0.68,-0.66,-0.13,0.01,-0.25,0.93,0.66,-0.1,-0.04,-0.93,-0.73,-0.34,-0.17,-0.03,0.48,-0.81,-0.21,-0.85,-0.11,-0.88,0.12,0.2,0.91,0.44,0.09,0.32,
-0.88,0.07,-0.15,0.86,0.64,-0.02,0.13,0.16,0.8,-0.77,-0.1,0.68,-0.15,0.41,-0.48,-0.04,-0.09,-0.59,-0.56,-0.25,-0.69,-0.58,0.42,0.57,-0.59,-0.73,-0.73,0.33,-0.1,
-0.62,0.12,-0.14,-0.83,0.15,0.38,-0.76,-0.96,-0.99,-0.19,0.12,0.06,-0.08,-0.42,-0.31,0.03,-1,0.78,-0.56,0.43,0.65,0.91,-0.77,0.74,-0.8,-0.59,-0.91,-0.12,0.04,
0.93,0.73,0.96,-0.52,0.69,0.12,-0.46,-0.96,0.65,0.4,-0.06,-0.78,0.36,0.9,0.15,0.16,0.46,-0.42,-0.09,0.39,-0.28,-0.23,0.59,0.02,-0.08,-0.96,0.39,0.26,0.03,
0.47,-0.8,0.24,0.64,0.36,0.49,-0.23,0.59,-0.74,-0.09,0.26,0.02,0.8,0.43,-0.83,-0.29,-0.3,-0.23,-0.54,0.94,-0.71,0.95,-0.07,0.28,-0.26,-0.33,-0.1,0.88,-0.83,
0.88,0.31,-0.83,0.63,-0.14,-0.3,0.08,0.82,0.57,-0.46,-0.09,0.95,0.84,0.36,-0.7,0.61,-0.98,-0.35,-0.31,0.52,0.13,-0.97,0.95,0.76,0.89,0.51,0.37,-0.09,-0.17,
-0.24,0.98,0.28,0.22,0.93,0.97,-0.67,0.82,-0.61,-1,-0.28,-0.32,0.31,0,-0.95,0.41,0.71,0.08,-0.73,-0.78,-0.29,0.47,-0.48,0.34,0.86,-0.88,-0.1,-0.1,0.92,
0.48,-0.28,-0.94,0.46,0.22,-0.68,-0.23,0.92,0.25,0.82,0.63,0.99,-0.36,-0.72,-0.35,-0.49,-0.5,-0.45,-0.43,0.02,-0.59,-0.73,-0.42,-0.74,0.43,-0.97,-0.62,-0.01,0.57,
0.31,-0.18,-0.43,-0.28,0.37,-0.38,-0.71,0.37,-0.11,-0.07,0.69,0.37,-0.84,0.35,-0.79,0.32,-0.24,0.01,0.11,0.01,-0.42,-0.55,0.46,-0.89,0.35,-1,-0.81,0.31,-0.81,
0.35,-0.12,-0.46,0.87,-0.47,0.05,0.49,-0.38,0.21,0.56,0.29,0.63,0.46,0.56,0.36,-0.43,0.2,-0.43,0.17,-0.94,-0.35,-0.3,0.74,-0.56,-0.91,-0.45,-0.56,-0.35,0.1,
-0.11,0.75,-0.71,-0.01,-0.29,0.68,0.14,-0.74,-0.1,0.47,-0.69,-0.2,-0.6,0.33,-0.22,0.47,0.04,-0.5,0.75,0.67,-0.71,-0.58,0.4,-0.18,0.77,0.16,0.26,-0.31,-0.08,
0.48,-0.77,-0.16,-0.63,-0.99,0.46,-0.52,-0.92,0.14,0.68,0.3,0.21,0.63,-0.47,-0.82,0.92,-0.42,-0.74,0.14,0.26,0.03,-0.09,0.4,0.34,-0.25,0.96,-0.17,0.67,-0.28,
-1,-0.35,0.93,0.37,0.87,0.24,-0.13,0.63,-0.35,0.58,0,0.49,-0.31,-0.38,-0.36,-0.8,0.74,0.05,-0.95,0.62,0.99,0.97,0.25,-0.52,0.74,-0.77,0.43,0.29,-0.68,
0.31,0.05,0.44,0.07,0.24,0.36,0.41,0.95,0.01,0.18,-0.87,0.61,0.91,0.55,-0.28,0.37,0.55,-0.21,-0.3,-0.33,-0.41,0.42,-0.56,-0.79,-0.47,0.26,0.63,0.75,0.2,
0.65,-0.73,-0.37,0.29,0.43,0.02,0.09,0.27,-0.3,0.99,0.21,-0.14,0.7,0.57,-0.72,0.93,-0.8,-0.01,0.89,-0.88,-0.23,0.62,0.81,-0.11,0.4,0.84,-0.88,0.05,0.12,
-0.73,-0.39,0.9,0.55,-0.27,-0.92,0.82,0.92,0.06,-0.2,-0.58,-0.78,0.28,-0.64,-0.44,-0.64,0.73,-0.27,0.02,0.84,-0.14,0.43,-0.92,-0.65,0.35,-0.18,-0.81,-0.21,-0.29,
-0.71,-0.17,-0.08,-0.63,-0.18,-0.58,-0.29,0.47,-0.15,-0.34,0.16,0.78,-0.58,-0.47,-0.46,0.59,-0.56,-0.41,0.72,0.24,-0.13,-0.32,-0.22,0.38,-0.2,0.82,0.12,-0.39,-0.8,
-0.35,0.42,-0.6,0.9,-0.83,0.62,0.63,-0.31,-0.24,0.45,-0.26,0.41,0.89,-0.56,0.68,-0.63,0.36,0.74,0.64,-0.51,0.11,-0.82,-0.25,0.76,0,-0.61,0.02,0.53,0.51,
0.97,-0.63,0.21,-0.41,-0.1,0.72,-0.51,0.08,0.45,0.96,0.34,0.4,0.55,0.25,0.92,0.34,-0.76,0.56,0.19,0.14,0.27,-0.04,-0.49,0.95,-0.24,0.13,-0.73,0.57,-0.58,
0.7,0.04,0.63,-0.34,0.58,0.71,0.2,-0.1,-0.11,0.56,-0.72,0.53,-0.11,0.09,0.05,-0.9,0.81,0.18,0.19,0.6,0.48,0.94,-0.31,0.69,0.85,0.86,0.36,-0.63,0.58,
-0.2,0.21,-0.92,-0.53,0.51,0.7,-0.46,-0.92,0.61,0.53,0.83,0.29,-0.03,-0.83,0.56,-0.75,0.7,-0.39,0.36,-0.99,-0.69,-0.7,-0.5,0.14,-0.87,-0.69,-0.73,-0.26,-0.46,
0.27,-0.17,-0.1,0.51,0.58,0.61,0.48,-0.64,-0.4,0.86,0.4,-0.97,0.18,-0.52,0.39,0.5,-0.81,-0.53,0.48,-0.87,0.18,-0.07,-0.43,-0.57,0.24,-0.19,0.49,0.12,0.21,
0.01,-0.52,0.51,-0.38,-0.14,0.82,0.44,-0.47,0,-0.35,-0.27,0.92,-0.87,0.28,-0.43,0.27,-0.22,-0.2,-0.31,0.13,-0.87,0.94,-0.86,-0.95,0.85,0.65,-0.33,0.29,0.31,
-0.54,-0.25,-0.57,0.69,0.73,-0.55,-0.95,0.76,0.37,-0.56,-0.54,-0.67,-0.61,-0.31,-0.05,-0.28,-0.85,0.31,0.8,-0.35,0.51,0.65,0.16,-0.4,0,-0.71,0.06,0.23,-0.14,
0.41,0.41,0.68,0.56,0.02,0.56,-0.88,-0.76,-0.35,0.26,-0.94,-0.48,-0.51,-0.35,0.05,-0.16,0.68,-0.67,0.62,-0.38,-0.83,-0.08,-0.52,0.04,0.5,0.16,0.88,0.93,-0.97,
-0.79,0.55,-0.09,-0.58,0.59,0.85,0.27,-0.91,-0.63,0.21,0.21,0.37,-0.05,0.55,-0.47,-0.6,-0.14,0.4,0.31,-0.91,0.42,-0.96,0.03,0.23,0.37,-0.64,0,0.03,-0.99,
0.18,0.94,0.9,0.41,-0.9,0.64,0.79,0.52,0.66,0.35,-0.72,-0.45,-0.38,-0.35,0.26,0.22,0.24,-0.06,-0.51,-0.24,-0.34,-0.51,-0.98,0.26,0.09,-0.43,-0.99,-0.27,0.48,
0.06,0.7,0.31,-0.66,0.89,0.27,0.07,0.84,-0.66,0.9,0.28,0.82,0.17,-0.29,-0.44,-0.97,0.99,-0.75,0.49,-0.96,-0.77,0.57,-0.48,-0.83,-0.76,0.86,-0.75,-0.86,-0.55,
-0.41,0.09,-0.91,-0.58,0.58,0.69,0.03,0.56,-0.61,-0.84,-0.16,0.4,0.49,-0.37,-0.66,-0.28,-0.66,0.12,0.93,0.79,0.92,-0.43,0.13,0.83,-0.42,-0.78,0.72,0.51,0.29,
0.82,0.11,-0.91,-0.51,-0.56,-0.5,0,-0.88,-0.88,-0.78,0.03,-0.4,0.14,-0.77,-0.98,0.9,0.01,-0.58,0.61,-0.39,-0.51,-0.84,-0.3,-0.15,0.97,0.23,-0.55,-0.02,-0.58,
0.45,-0.93,-0.6,-0.86,0.51,0.27,0.08,-0.04,0.12,0.21,0.7,0.64,0.42,0.32,0.44,0.69,-0.44,0.81,-0.81,-0.42,0.16,0.02,-0.51,0.78,-0.69,0.19,-0.37,0.23,-0.01,
-0.24,-0.64,0.92,-0.04,-0.62,0.49,0.69,-0.93,0.67,0.54,0.67,-0.9,-0.12,-0.59,-0.03,-0.6,0.73,-0.42,-0.29,0.44,-0.48,0.39,0.17,0.63,-0.51,0.72,-0.74,0.43,-0.86,
-0.87,-0.75,-0.03,-0.99,-0.53,0.67,0.23,-0.54,0.29,0.67,-0.22,0.91,-0.48,-0.18,0.29,0.29,0.29,-0.49,0.15,-0.83,-0.83,-0.74,-0.46,0.99,-0.87,0.03,0.09,0.78,0.2,
0.78,-0.45,0.56,-0.75,0.28,-0.08,-0.54,0.25,0.53,-0.69,0.03,-0.56,-0.69,-0.47,0.93,0.55,0.85,0.33,-0.47,0.38,0.05,0.92,0.85,-0.77,0.63,0.31,-0.77,0.47,-0.28,
-0.97,0.27,-0.65,0.06,0.52,0.91,0.86,-0.36,0.57,-0.73,0.41,-0.8,0.67,-0.04,-0.69,0.23,-0.89,-0.07,0.26,-0.96,0.89,-0.57,0.41,0.09,0.19,0.24,-0.09,0.94,0.91,
0.95,-0.96,0.2,-0.8,-0.02,0.75,-0.03,0.22,0.46,-0.52,-0.35,0.15,-0.14,0.19,0.92,-0.84,-0.11,0.84,0.37,-0.11,0.37,-0.56,0.55,-0.26,0.64,0.04,-0.23,0.67,-0.58,
0.49,-0.13,-0.43,0.39,-0.52,0.1,0.93,0.87,-0.58,0.29,0.96,-0.82,0.31,-0.34,-0.13,-0.99,0.31,-0.53,0.09,-0.42,0.37,0.06,-0.85,0.03,0.75,0.09,0.71,-0.14,0.97,
-0.02,-0.67,0.8,-0.55,0.3,0.61,0.83,0.43,-0.56,0.77,-0.84,0.58,-0.04,0.42,-0.75,-0.81,0.41,0.44,0.71,0.29,-0.2,-0.56,-0.08,0.84,0.98,0.4,-0.06,-0.7,0.55,
-0.27,-0.33,-0.82,0.96,-0.32,-1,0.07,0.94,-0.59,-0.28,0.85,-0.76,-0.79,0.71,0.94,-0.85,-0.27,0.9,0.28,-0.36,-0.13,-0.07,-0.83,-0.58,0.65,-0.14,-0.77,-0.8,0.05,
0.11,0.36,0.01,0.07,-0.97,0.37,-0.02,0.85,-0.35,0.11,-0.28,0.42,-0.39,-0.3,-0.41,-0.08,-0.01,0.34,-0.78,0.41,-0.5,0.06,0.8,0.72,0.89,0.79,0.02,0.21,0.2,
-0.87,-0.86,0.09,0.13,-0.29,-0.57,-0.5,0,-0.51,-0.3,0.83,-0.4,0.85,0.8,-0.81,-0.85,0.59,0.57,-0.13,-0.91,0.46,-0.95,0.05,-0.49,0.7,-0.27,0.1,0.49,0.51,
-0.16,0.68,0.14,-0.19,-0.1,0.76,0.56,-0.42,-0.71,-0.22,-0.84,-0.82,0.74,-0.45,0.39,0.37,0.82,-0.7,-0.56,-0.58,0.33,0.58,-0.32,-0.86,0.4,-0.7,0.55,-0.7,0.26,
-0.94,-0.15,0.49,0.96,0.05,-0.63,-0.79,-0.03,0.88,-0.43,-0.27,0.94,-0.54,-0.54,-0.25,-0.17,0.84,-0.23,-0.76,-0.7,0.11,-0.62,0.12,-0.63,-0.2,0.4,-0.98,0.86,0.23,
-0.66,0.67,-0.39,0.87,0.72,-0.62,0.33,0.01,-0.36,-0.44,0.55,-0.85,-0.06,0.4,0.96,0.47,0.35,-0.86,-0.31,0.07,-0.18,-0.48,0.63,0.03,0.65,0.94,0.87,-0.14,0.53,
0.26,0.6,-0.67,0.66,-0.06,-0.32,-0.62,0.14,-0.36,0.13,-0.97,-0.48,-0.58,-0.53,-0.83,0.74,0.63,0.05,0.48,0.38,0.3,0.07,-0.76,0.87,-0.22,0.75,-0.78,0.67,0.42,
-0.92,0.67,-0.4,0.14,-0.7,-0.52,-0.51,-0.83,-0.56,0.02,0.75,-0.08,0.02,-0.72,0.36,-0.97,0.03,0.47,-0.7,0.99,-0.5,0.94,-0.13,0.83,-0.21,-0.46,-0.77,-0.61,-0.92,
0.55,-0.3,0.82,0.56,-0.64,-0.24,0.82,0.16,-0.37,-0.81,0.14,0.17,-0.56,-0.16,-0.65,0.57,-0.6,-0.72,-0.73,0.45,0.17,0.6,0.82,-0.54,0.96,0.26,-0.71,-0.69,0.42,
-0.22,-0.79,-0.37,0.03,-0.58,-0.36,-0.37,0,0.78,0.55,-0.74,-0.54,0.94,0.27,-0.46,-0.44,0.6,-0.49,0.18,0.34,-0.84,-0.66,0.74,0.26,0.87,-0.67,-0.05,0.15,0.12,
0.96,0.16,-0.77,-0.27,0.62,0.24,-0.67,0.93,0.1,-0.76,0.2,-0.96,-0.21,0.19,0.43,0.68,0.3,0.29,-0.51,-0.81,-0.46,-0.51,-0.46,0.73,0.76,-0.78,-0.69,-0.37,0.21,
0.15,-0.22,-0.88,-0.95,0.9,-0.1,0.19,-0.23,-0.06,-0.42,0.17,-0.61,0.45,-0.85,-0.8,-0.89,-0.56,0.35,0.49,0.62,-0.88,-0.37,0.74,-0.33,-0.07,-0.51,-0.58,0.74,0.93,
-0.53,-0.63,-0.72,0.47,0.58,0.71,-0.54,-0.55,-0.06,0.6,0.33,0.66,0.29,0.81,-0.66,0.28,0.62,0.22,0.28,-0.67,-0.51,0.19,0.26,-0.2,-0.72,-0.04,-0.35,0.55,-0.93,
-0.84,-0.26,0.27,-0.21,0.16,0.88,0.51,-0.33,-0.89,-0.28,-0.6,0.08,0.65,0.48,-0.15,-0.93,-0.66,-0.19,0.82,-0.03,0.96,-0.48,0.74,-0.17,-0.92,-0.04,-0.87,-0.07,0.85,
-0.26,0.55,-0.77,0.97,0.97,-0.69,0.58,-0.64,-0.53,-0.93,0.56,-0.3,0.72,0.76,0.32,0.65,0.53,0.45,0.24,-0.33,-0.73,-0.81,-0.89,0.96,-0.75,0.07,-0.23,0.91,-0.61,
0.95,0.73,0.37,0.97,0.65,0.7,-0.65,-0.44,0.54,-0.31,-0.38,-0.61,0.15,-0.5,-0.4,0.28,-0.14,0.17,0.52,-0.4,-0.02,-0.45,0.84,0.2,0.5,-0.83,-0.66,0.66,-0.45,
-0.92,-0.47,-0.41,-0.91,0.3,-0.59,-0.1,-0.19,-0.76,0.54,-0.03,0.12,0.24,-0.11,-0.57,0.94,-0.48,-0.97,-0.7,-0.61,-0.2,-0.86,0.01,0.14,0.13,-0.34,-0.92,-0.35,-0.1,
0.48,0.14,-0.32,0,-0.75,0.56,-0.19,0.24,0.84,-0.43,0.82,0.67,-0.44,0.7,0.21,-0.42,-0.31,-0.82,0.49,-0.33,-0.95,0.24,-0.22,0.88,-1,-0.48,0.51,0.53,-0.29,
-0.97,0.78,0.59,0.08,-0.77,-0.92,0.12,0.47,0.62,-0.99,-0.96,0.43,-0.5,0.34,0.3,0.27,-0.83,0.41,0.27,-0.82,-0.54,0.4,-0.22,0.14,-0.72,0.14,-0.98,-0.47,-0.59,
-0.49,-0.28,-0.59,-0.83,-0.82,0.12,0.77,-0.72,0.64,0.8,0.39,-0.54,-0.02,-0.9,-0.39,0.73,0.91,0.75,0.59,0.52,-0.41,0.17,-0.19,0.5,-0.21,0.74,0.84,0.57,-0.1,
-0.27,-0.86,-0.56,-0.24,-0.95,-0.12,-0.73,-0.91,-0.08,-0.88,0.45,-0.28,0.46,-0.66,0.34,-0.96,-0.31,0.06,-0.26,-0.42,0.11,0.9,0.82,0.4,-0.35,0.3,-0.26,0.98,-0.17,
-0.43,0.9,0.27,0.78,0.45,-0.47,-0.89,-0.35,-0.25,-0.93,-0.86,-0.65,-0.32,0.42,-0.09,0.91,-0.93,-0.41,-0.46,-0.31,0.42,0.22,-0.05,-0.51,-0.3,-0.81,-0.52,-0.62,0.31,
-0.26,-0.52,0.08,-0.88,-0.59,-0.91,-0.88,0.45,-0.55,-0.45,-0.01,-0.26,0.02,-0.65,0.34,-0.43,-0.33,0.34,0.1,0.78,0.49,0.86,0.56,0.3,0.63,-0.87,-0.86,0.26,0.35,
