0.03,0.79,0.84,-0.43,0.48,0.95,-0.98,0.38,0.43,-0.77,-0.11,-0.96,-0.14,-0.64,0.58,-0.31,0.44,-0.24,0.2,-0.27,-0.51,-0.25,0.85,-0.45,-0.92,0.91,-0.32,0.46,
0.6,-0.7,0.17,-0.91,-0.64,0.97,-0.18,-0.66,0.74,-0.54,0.2,0.14,-0.35,0.53,0.86,0.19,-0.63,0.9,-0.07,0.78,-0.72,0.53,-0.37,-0.77,0.39,0.44,0.22,0.51,
0.14,-0.35,0.79,0.04,-0.53,0.51,-0.68,-0.89,0.84,-0.77,0.14,0.19,0.37,0.34,-0.86,-0.72,0.89,0.97,-0.58,0.46,0.75,0.68,0.91,0.79,0.79,0.15,-0.67,-0.94,
0.05,-0.79,0.03,-0.95,0.46,0.46,0.83,-0.26,0.98,-0.08,0.69,0.89,0.57,-0.42,-0.6,-0.75,-0.8,0.32,0.96,0.28,-0.73,-0.47,-0.41,-0.24,-0.88,-0.51,-0.99,0.76,
0.67,0.45,-0.07,0.18,0.88,0.57,-0.93,0.06,-0.44,0.7,0.03,-0.86,0.96,-0.08,0.91,-0.93,-0.51,0.09,0.64,-1,0.13,0.99,0.77,0.83,0.7,-0.78,0.16,0.01,
-0.32,0.38,-0.31,0.29,-0.22,0.4,0.88,0.19,-0.08,-0.78,0.06,-0.4,0.15,0.44,-0.97,-0.87,0.6,0.2,-0.09,0.13,0.1,-0.43,0.03,-0.47,-0.94,-0.44,0.57,0.03,
0.72,0.55,0.34,0.09,-0.69,0.62,-0.34,0.42,0.21,0.31,-0.63,0.37,-0.76,-0.19,0.37,0.88,-0.15,0.48,0.32,-0.36,-0.89,0.99,0.56,0.4,0.38,0.9,-0.84,-0.38,
-0.4,0.74,0.04,0.53,-0.69,-0.34,-0.2,-0.08,0.57,-0.58,0.28,0.35,-0.76,-0.69,0.76,0.32,-0.98,-0.79,-0.41,-0.01,0.08,-0.93,0.77,-0.47,-0.23,-0.9,-0.66,0.98,
-0.79,-0.97,0.75,-0.31,0.07,-0.1,-0.57,-0.54,-0.64,-0.17,-0.98,0.7,0.73,0.54,0.52,0.48,-0.65,0.19,-0.55,-0.36,0.04,0.86,-0.36,-0.93,-0.83,0.85,-0.26,0.02,
-0.46,-0.44,-0.31,-0.52,0.69,-0.68,0.97,-0.83,0.46,-0.41,0.97,0.08,0.63,-0.93,-0.8,-0.69,0.76,-0.03,0.61,0.66,0.21,-0.48,-0.95,-0.79,-0.17,-0.18,0.05,0.86,
0.63,0.85,0.68,-0.02,-0.63,0.7,0.66,-0.66,0.08,-0.45,0.45,0.77,0.15,0.62,-0.54,0.17,0.07,-0.86,-0.93,-0.41,0.02,-0.04,0.4,0.23,-0.32,-0.39,0.19,0.63,
0.95,0.31,-0.39,-0.81,-0.16,0.52,0.86,-0.76,-0.01,0.36,0.24,0.17,0.84,-0.79,0.23,-0.77,-0.8,-0.29,-0.29,-1,-0.86,-0.85,-0.26,0.74,0.19,0.66,0.03,-0.31,
-0.5,-0.49,-0.32,-0.9,-0.36,0.17,0.4,0.37,0.38,-0.94,0.6,-0.66,-0.91,-0.03,-0.61,-0.29,0.31,0.89,-0.17,0.62,-0.3,-0.19,0.74,-0.72,0.54,-0.98,-0.55,0.93,
-0.66,-0.88,-0.4,0.38,-0.72,0.66,-0.25,-0.49,0.85,-0.19,-0.21,-0.06,-0.3,0.7,0.07,0.11,0.08,-0.47,-0.68,0.86,-0.3,0.24,0.54,0.62,-0.19,0.77,0.26,0.95,
0.12,0.37,-0.75,-0.34,-0.75,-0.03,0.47,-0.88,0.13,0.25,0.08,0.72,-0.77,-0.77,-0.23,-0.83,-0.92,-0.56,-0.5,0.03,0.43,0.65,-0.46,-0.31,-0.28,0.33,0.11,-0.05,
0.33,-0.3,-0.16,0.72,-0.04,-0.1,-0.07,0.07,-0.66,0.74,-0.74,0.53,-0.25,0.21,-0.21,0.58,0.47,-0.38,0.9,0.22,-0.28,-0.95,-0.39,-0.42,0.61,0.13,-0.83,-0.93,
-0.01,-0.06,0.07,0.93,0.46,0.61,-0.9,-0.85,-0.66,-0.95,-0.91,-0.02,-0.86,0.23,-0.73,-0.25,-0.04,0.21,0.81,0.3,-0.09,-0.22,-0.26,0.37,0.98,0.65,-0.48,-0.44,
-0.91,0.04,0.3,-0.26,-0.39,0.27,-0.31,0.6,0.43,-0.26,0.19,-0.08,-0.63,-0.65,-0.54,0.85,0.49,0.75,-0.31,-0.91,-0.82,0.98,0.17,0.03,-0.69,-0.91,0.46,0.1,
-0.27,0.47,0.2,0.77,0.12,-0.33,0.92,-0.47,0.59,0.3,0.41,-0.72,0.49,-0.44,0.24,-0.41,0.07,-0.97,0.15,-0.54,-0.06,0.23,0.69,0.95,0.99,0.35,0.99,-0.08,
0.13,-0.88,0.81,-0.03,-0.9,-0.2,0.68,0.33,0.26,-0.42,-0.33,-0.52,0.77,0,-0.25,-0.39,-0.4,0.47,0.68,0.48,0.3,0.1,0.12,-0.73,-0.89,0.18,-0.62,0.29,
0.84,-0.47,-0.81,0.47,-0.21,-0.58,-0.48,0.78,0.06,-0.01,-0.23,-0.32,-0.89,-0.48,0.47,-0.58,0.55,0.84,0.04,-0.41,0.4,-0.56,-0.49,-0.21,-0.89,0.64,0.1,0.03,
-0.1,-0.03,-0.88,0.86,0.72,-0.84,-0.82,0.15,-0.5,-0.27,0.57,0.77,0.74,0.49,0.09,0.91,-0.37,0.85,0.85,-0.31,-0.16,-0.73,-0.65,0.18,0.24,-0.33,-0.95,0.17,
-0.22,0.08,0.56,-0.83,0.32,-0.73,-0.4,-0.44,0.81,0.91,0.08,0.07,-0.9,0.69,-0.73,0.03,0.85,-0.86,-0.98,-0.24,-0.19,-0.82,-0.72,0.13,-0.22,-0.44,0.25,0.67,
0.18,0.27,-0.45,-0.88,-0.26,0.35,0.78,-0.57,0.05,-0.07,-0.24,0.15,-0.83,-0.41,-0.85,-0.63,0.83,0.87,-0.17,-0.58,0.94,-0.15,-0.24,0.64,-0.97,0.99,-0.15,-0.32,
-0.69,0.01,-0.96,0,0.28,0.93,-0.44,0.25,-0.68,-0.64,0.85,0.56,0.12,0.74,0.18,-0.51,0.69,-0.65,-0.87,-0.84,0.61,0.75,0.75,-0.97,0.76,0.95,0.21,-0.04,
-0.33,0.67,-0.41,0.51,-0.04,-0.34,-0.82,0.11,-0.33,-0.11,-0.12,-0.59,-0.27,0.16,0.91,-0.72,0.63,0.75,-0.98,0.31,0.17,0.12,0.49,-0.48,-0.61,-0.64,0.18,0.07,
-0.4,0.83,0.15,0.1,-0.5,-0.09,0.18,0.22,0.45,-0.68,-0.13,0.26,-0.53,0.66,0.28,0.5,-0.01,0.51,-0.05,0.95,-0.68,0.2,0.43,-0.19,0.25,0.21,0.2,0.21,
-0.81,0.31,0.84,0.2,-0.38,0.61,-0.26,0.44,-0.37,0.54,0.18,-0.39,-0.67,0.83,0.45,-0.97,-0.8,-0.04,-0.53,0.02,0.03,0.56,0.02,-0.03,0.36,0.92,-0.87,-0.33,
-0.92,-0.29,-0.72,-0.68,-0.33,0.47,0.42,0,0.82,-0.81,-0.4,0.33,0.56,-0.95,-0.16,0.29,-0.26,-0.22,0.7,0.33,0.05,0.44,-0.55,0.19,-0.72,-0.09,0.98,0.03,
-0.09,-1,0.8,-0.9,-0.28,-0.59,-0.73,-0.45,-0.44,-0.07,-0.77,-0.22,0.07,-0.49,-0.17,0.8,-0.21,0.8,-0.69,0.32,0.94,-0.46,0.85,0.71,0.59,0.98,-0.49,0.79,
-0.24,-0.79,-0.22,0.79,-0.51,-0.93,-0.55,0.08,0.07,0.52,-0.87,-0.69,0.93,0.68,-0.49,-0.63,-0.85,-0.75,0.27,-0.13,0.21,-0.62,-0.29,-0.36,0.14,0.18,0.59,-0.61,
0.1,0.69,0.84,-0.59,-0.07,-0.82,0.18,0.26,-0.98,-0.62,-0.37,-0.89,0.22,0.32,-0.11,-0.68,0.92,0.97,0.78,-0.89,-0.04,0.5,-0.46,-0.79,-0.26,0.64,0.09,0.31,
-0.98,0.51,-0.97,0.92,-0.14,0.62,0.96,0.77,0.52,0.61,-0.61,0.13,0.73,-0.96,0.22,-0.15,0.48,-0.16,0.43,0.95,-0.01,-0.72,-0.79,0.83,0.99,-0.9,-0.9,-0.54,
-0.34,0.65,0.12,0.91,0.14,-0.92,0.09,0.5,-0.45,0.68,0.99,-0.57,-0.23,0.71,0.04,0.7,0.95,-0.58,-0.29,-0.24,-0.33,-0.83,0.35,-0.14,0.31,0,0.55,0.13,
-0.09,-0.72,0.46,0.94,0.61,-0.27,0.76,0.14,-0.75,0.22,-0.22,0.29,0.85,-0.96,-0.34,0.1,-0.56,0.76,0.21,-0.73,0.32,-0.2,0.17,-0.85,0.49,0.14,-0.9,-0.57,
0.44,0.73,0.17,-0.83,0.26,-0.64,-0.05,0.29,0.26,0.46,0.58,0.9,0.69,-0.71,0.56,-0.19,0.47,-0.87,0.32,0,-0.16,0.75,0.79,-0.18,0.2,0.01,0,-0.55,
0.16,-1,0.19,-0.36,0.94,0.69,-0.26,-0.45,0.11,0.4,-0.69,0.79,-0.02,-0.7,0.76,0.86,-0.44,0.04,0.37,0.9,0.18,-0.4,-0.38,0.17,-0.22,0.12,-0.23,-0.03,
-0.69,-0.51,-0.16,-0.04,-0.22,0.06,0.26,0.83,0.77,0.65,-0.5,0.39,-0.63,-0.51,-0.55,-0.92,-0.47,-0.07,0.45,-0.78,0.59,-0.64,0.25,0.04,0.78,-0.67,0.11,0.43,
-0.33,-0.32,-0.77,0.98,-0.6,-0.78,0.98,0.11,0.96,0.37,-0.61,0.99,-0.8,-0.72,-0.31,-0.07,0.85,-0.46,0.66,-0.6,-0.69,-1,-0.3,-0.34,0.97,-0.52,-0.69,-0.61,
-0.93,-0.89,0.99,0.47,0.37,-0.97,-0.58,0.79,-0.4,-0.91,-0.03,0.14,0.17,0.41,0.47,-0.93,0.24,-0.16,0.48,-0.39,0.55,0.45,0.08,0.72,-0.52,0.67,-0.43,0.66,
0.48,0.41,0.83,0.4,0.57,-0.33,-0.94,0.77,-0.04,-0.56,0.65,0.35,0.71,-0.07,0.98,-0.19,0.47,0.01,0.14,0.05,0.93,0.81,-0.7,-0.01,0.3,-0.1,0.58,-0.42,
0.19,0.37,-0.99,-0.1,0.38,0.54,-0.15,-0.15,-0.17,0.92,0.09,-0.99,-0.58,-0.68,0.36,0.86,0.25,0.44,-0.88,-0.32,-0.96,-0.18,-0.5,0.88,-0.33,0.92,0.56,-0.52,
0.2,-0.02,0.16,-0.09,-0.7,0.1,-0.69,0.18,-0.83,0.68,0.54,0.56,-0.58,0.07,-0.57,0,0.57,0.42,-0.89,-0.4,-0.9,0.22,0.79,0.79,-0.03,0.47,0.09,-0.52,
0.54,0.81,-0.08,0.3,0.47,0.53,-0.05,0.28,0.39,0.76,0.29,0.46,0.51,-0.93,0.49,0.91,0.94,-0.81,-0.92,0.68,-0.58,-0.37,0.27,0.09,-0.51,0.16,-0.01,-0.61,
0.54,-0.91,-0.74,0.81,0.33,-0.97,0.36,-0.17,0.24,0.74,-0.14,-0.77,0.35,-0.16,-0.18,-0.78,-0.4,-0.7,0.42,0.04,0.07,0.29,0.97,-0.13,0.21,0.54,-0.73,0.57,
0.72,0.66,-0.63,0.82,-0.77,0.47,-0.9,-0.89,-0.79,-0.33,0.44,-0.75,0.15,0.94,0.53,-0.02,-0.83,-0.63,-0.37,0.06,0.22,0.41,0.5,0.01,-0.23,-0.39,-0.03,-0.85,
-0.34,-0.52,0.36,0.56,-0.27,-0.93,-0.84,0.61,0.03,0.86,-0.49,0.62,-0.98,-0.56,-0.66,-0.06,-0.6,0.16,0.13,0.04,0.15,-0.67,0.46,0.75,-0.05,0.17,-0.32,-0.44,
0.43,0.26,-0.08,0.3,0.73,0.53,0.89,-0.74,0.21,-0.36,0.89,0.13,0.16,-0.79,0.84,-0.41,0.32,0.27,-0.12,-0.28,-0.66,-0.15,0.89,0.28,0.31,-0.12,0.3,0.55,
-0.07,0.42,0.36,0.76,0.46,0.64,0.91,0.59,-0.11,-0.48,-0.02,0.19,-0.49,-0.84,-0.66,-0.48,0,-0.07,0.18,0.88,0.71,0.63,0.46,0.29,-0.41,-0.8,0.49,0.56,
0.38,-0.17,0.75,-0.44,-0.18,-0.92,0.71,0.96,-0.05,0.05,0.69,0.41,-0.84,-0.02,-0.45,-0.8,0.37,-0.28,0.29,-0.89,0.84,0.78,-0.21,-0.62,0.1,-0.03,-0.22,0.12,
