-0.87,0.39,0.93,0.52,-0.21,-0.5,-0.08,0.79,0.69,-0.27,-0.69,-0.79,0.76,-0.82,-0.05,0,0.62,0.96,-0.2,-0.78,-0.73,0.23,0.71,-0.88,-0.9,0.13,0.71,-0.7,-0.17,0.77,0.78,0.45,
0.81,-0.22,-0.27,-0.93,0.9,0.27,0.44,-0.46,0.1,-0.07,-0.98,-0.65,0.3,-0.52,0.49,0.2,0.94,-0.93,-0.44,-0.8,0.81,-0.13,0.5,-0.66,-0.81,0.19,0.47,0.81,0.8,-0.59,-0.08,0.86,
-0.77,-0.26,0.63,0.34,-0.87,0.9,0.15,-0.34,-0.21,0.02,0.61,-0.4,0,0.39,0,0.84,0.2,0.6,-0.45,0.34,0.14,-0.57,0.96,0.98,-0.23,0.64,0.23,-0.83,-0.82,-0.67,0.55,-0.42,
-0.41,0.29,-0.36,-0.46,-0.26,-0.93,0.58,-0.13,0.87,0.22,0.01,0.11,0.2,0.79,-0.3,0.23,-0.64,-0.38,0.8,-0.95,-0.1,-0.07,0.9,-0.45,-0.13,0.29,-0.24,-0.31,-0.87,0.3,0.68,-0.1,
0.93,0.21,0.2,0.66,-0.61,-0.48,-0.19,0.18,0.64,0.94,0.18,0.88,0.57,-0.36,-1,-0.03,-0.14,0.06,0.12,0.2,-0.31,-0.22,-0.32,0.17,-0.99,0.18,0.26,0.34,0.49,-0.88,-0.81,-0.27,
-0.91,0.23,-0.9,-0.54,-0.65,-0.33,0.15,0.5,-0.83,0.82,-0.49,0,0.06,-0.43,-0.07,0.62,-0.7,0.41,0.7,-0.52,0.8,0.1,0.25,0.61,-0.81,-0.49,-0.36,0.98,0.38,0.59,0.87,0.27,
-0.25,-0.77,-0.05,0.5,-0.47,-0.7,0.17,-0.93,0.06,0.65,-0.88,0.66,-0.67,-0.77,0.07,0.35,0.09,-0.72,0.47,0.63,0.81,-0.32,0.45,0.21,0.25,-0.29,-0.09,-0.16,0.96,0.23,0.77,0.32,
0.75,0.65,0.02,0.11,-0.13,0.55,0.02,0.05,-0.61,-0.51,-0.1,-0.82,-0.99,-0.34,-0.1,0.27,-0.19,-0.42,0.47,0.23,-0.03,-0.66,0.05,-0.36,0.51,0.08,-0.22,-0.68,-0.32,0.59,0.16,-0.03,
-0.94,-0.23,0.04,-0.28,0.28,0.95,-0.93,0.57,-0.28,0.84,-0.23,-0.68,0.06,0.94,-0.17,-0.58,-0.49,0.34,-0.59,-0.04,0.21,-0.38,0.73,-0.89,0.77,-0.6,-0.58,0.23,-0.04,0.24,0.57,0.25,
0.5,0.74,0.8,-0.42,-0.68,-0.31,0.28,-0.98,-0.23,0.15,0.08,-0.67,0.4,-0.85,0.5,0.85,-0.56,-0.53,-0.54,-0.44,0.07,-0.59,-0.64,0.88,-0.97,-0.64,0.03,-0.16,0.94,0.46,0.39,-0.52,
0.37,-0.75,0.47,-0.64,-0.77,-0.97,-0.84,-0.59,-0.22,-0.66,0.92,-0.16,-0.37,-0.6,-0.58,-0.17,0.62,0.1,0.85,-0.71,0.77,0.31,0.11,0.06,-0.95,0.84,0.24,0.87,0.36,-0.11,-0.37,0.95,
-0.23,-0.14,0,0.5,0.89,0.23,-0.53,0.68,-0.24,0.57,0.44,0.3,-0.65,-0.14,-0.92,0.93,0.27,0.55,0.54,0.51,0.53,-0.08,-0.31,-0.23,-0.53,-0.09,-0.26,-0.83,0.96,0.21,0.21,0.49,
-0.32,0.97,-0.6,-0.76,-0.18,-0.06,0.9,0.46,0.57,-0.17,-0.47,0.94,-0.2,-0.27,-0.21,-0.67,-0.27,0.34,-0.41,0.32,-0.79,-0.09,-0.29,0.74,0.38,-0.13,0.28,0.33,0.16,0.45,0.92,-0.7,
0.16,-0.46,-0.61,0.63,0.9,0.48,0.01,0.88,-0.1,0.02,0.19,0.08,-0.14,0.21,0.52,0.17,-0.82,0.82,-0.9,0.98,0,0.3,0.73,-0.4,-0.64,0.14,-0.93,0.43,-0.66,-0.66,0.8,-0.85,
0.51,0.04,-0.52,0.1,0.3,0.25,0.95,0.44,-0.08,-0.16,-0.23,0.52,-0.54,0.9,-0.26,0.88,0.29,-0.39,0.91,-0.16,0.41,-0.21,-0.86,-0.69,0.19,0.09,0.66,-0.68,0.57,0.33,0.83,0.75,
-0.88,0.8,-0.8,-0.42,-0.8,0.6,0.45,0.89,0.29,0.9,-0.29,0.51,0.1,-0.61,-0.46,-0.85,0.89,0.77,0.31,-0.61,0.94,0.15,-0.02,0.44,-0.59,-0.76,-0.3,0.26,-0.79,0.51,0.5,-0.22,
-0.09,0.06,0.86,0.09,0.09,0.67,-0.85,-0.41,-0.17,-0.32,0.9,-0.28,0.67,0.02,0.24,-0.39,-0.04,0.31,-0.06,-0.14,-0.58,-0.86,-0.17,0.82,-0.56,-0.01,-0.06,-0.64,0.3,-0.57,-0.72,-0.15,
0.23,0.86,-0.49,0.13,-0.86,-0.44,0.88,-0.82,0.85,0.81,-0.42,-0.73,0.7,0.45,-0.97,-0.46,-0.03,0.38,-0.45,0.29,0.33,0.91,0.82,-0.43,0.82,-0.07,0.83,0.11,-0.16,-0.76,-0.85,0.86,
0.02,0.16,-0.78,-0.06,-0.55,-0.56,0.76,0.95,0.46,0.87,-0.58,-0.91,-0.31,0.05,0.72,0.47,-0.44,0.04,-0.06,-0.83,0.79,-0.36,-0.62,-0.9,0.93,0.19,-0.75,0.85,-0.49,-0.15,0.03,0.36,
-0.73,-0.92,-0.8,0.22,-0.8,-0.49,0.48,0.1,-0.36,-0.8,0.83,0.53,-0.5,0.58,0.34,0.22,0.49,-0.16,-0.31,0.08,-0.72,0.19,0.45,-0.92,0.64,0.77,0.47,-0.03,0.99,-0.17,0.73,-0.24,
0.54,-0.71,-0.95,-0.53,-0.19,0.96,-0.36,0.77,-0.18,-0.91,-0.03,0.39,0.91,-0.21,-0.5,0.58,0.04,-0.47,0.05,-0.24,-0.44,0.81,0.91,-0.17,-0.37,-0.81,0.18,0.68,0.92,-0.18,-0.67,0.84,
-0.49,0.64,-0.28,-0.71,0.74,-0.59,-0.97,0.42,0.92,-0.02,-0.29,0.28,-0.54,0.5,0.03,0.24,-0.35,0.08,0.09,-0.99,0.44,-0.9,0.53,0.24,0.06,0.49,0.45,-0.4,-0.38,0.14,-0.9,-0.73,
0.35,-0.79,0.97,0.06,-0.58,0.12,0.42,0.08,0.38,0.18,-0.67,-0.77,0.58,0.53,-0.3,-0.46,-0.43,-0.99,-0.45,0.46,0.3,0.33,0.34,0.85,-0.71,0.59,0.81,0.19,0.38,0.79,-0.76,-0.63,
0.72,0.6,-0.7,-0.04,-0.39,-0.58,-0.92,-0.88,0.44,-0.77,-0.44,0.04,0.75,-0.59,-0.86,-0.89,-0.14,0.63,0.27,-0.53,0.59,-0.12,0.6,0.81,-0.2,0.28,0.13,-0.67,-0.5,0.48,0.57,-0.93,
-0.57,0.56,0.52,0.58,-0.29,0.99,-0.1,-0.87,-0.18,-0.17,-0.16,-0.01,-0.59,-0.62,0.6,-0.17,-0.91,0.88,-0.14,-0.44,0.04,-0.59,0.8,-0.47,0.23,0.53,-0.94,-0.36,0.59,-0.7,-0.94,-0.12,
0.81,0.79,0.98,0.65,0.12,0.19,-0.65,0.35,0.76,0.23,0.32,-0.19,-0.64,0.35,0.88,-0.45,-0.33,0.14,0.96,0.02,0.71,-0.67,-0.31,0.39,-0.62,0.54,-0.33,0.26,-0.74,0.37,0.66,-0.04,
-0.68,-0.89,0.02,-0.64,0.92,0.77,-0.24,0.94,0.3,-0.13,0.93,-0.03,-1,-0.7,0.69,-0.94,0.78,-0.62,-0.04,-0.76,-0.34,-0.28,-0.12,-0.62,0.21,-0.33,-0.27,0.39,-0.59,-0.87,-0.49,0.76,
0.58,0.25,0.04,-0.01,-0.53,0.18,0.41,-0.93,-0.68,-0.61,-0.66,-0.24,0.09,0.21,-0.36,-0.92,-0.52,0.76,-0.65,0.74,-0.73,-0.3,-0.04,0.74,-0.15,0.16,0.44,-0.63,0.66,0.46,-0.31,-0.69,
-0.31,0.13,0.25,0.62,0.49,-0.77,-0.87,-0.23,-0.17,-0.02,0.6,-0.43,0.39,-0.91,-0.76,0.34,-0.73,0.28,0.96,-0.19,-0.44,-0.9,-0.97,0.4,-0.12,-0.56,-0.61,0.98,-0.44,0.19,-0.15,-0.07,
0.27,0.18,0.89,-0.58,-0.34,0.05,0.33,0.08,0.69,-0.34,-0.81,-0.44,0.62,0.02,0.94,0.43,0.17,0.81,-0.88,0.52,-0.44,-0.22,0.45,-0.85,-0.25,-0.16,0.27,-0.54,0.99,0.26,-0.81,-0.41,
0.06,0.74,0.59,0.7,0.34,-0.45,0.32,0.65,0.56,0.33,-0.02,0.69,-0.18,-0.28,-0.95,0.95,-0.32,0.45,0.14,0.07,-0.74,0.6,-0.49,0.11,0.03,-0.16,-0.53,0.79,-0.82,0.57,0.82,-0.52,
-0.68,-0.37,0.07,0.86,0.53,-0.04,-0.33,-0.61,0.94,-0.56,0.57,-0.95,0.08,0.98,-0.18,-0.89,0.14,0.46,-0.85,-0.58,0.04,-0.51,0.37,0.01,0.78,0.48,0.84,-0.53,-0.33,-0.23,-0.53,-0.88,
0.12,0.22,-0.17,0.79,0.56,-0.49,-0.51,-0.18,0.49,-0.05,-0.31,0.79,-0.94,0.29,-0.59,-0.62,-0.3,-0.03,0.63,0.02,0.85,-0.28,-0.9,0.2,0.58,0,-0.42,0.05,-0.99,0.49,-0.63,-0.36,
-0.66,0.11,-0.31,-0.88,0.41,0.85,0.83,0.43,-0.01,0.01,-0.26,0.23,0.13,-0.18,0.53,-0.16,-0.36,0.34,0.81,-0.3,0.01,0.27,-0.29,-0.04,-0.18,0.48,0,0.22,-0.32,-0.53,0.37,-0.25,
-0.62,-0.3,0.29,-0.06,0.74,0.3,-0.71,0.33,0.1,-0.68,0.55,0.1,0.98,0.1,0.79,-0.47,0.76,0.76,-0.3,0.47,-0.16,0.48,0.75,0.18,0.01,0.87,-0.54,0.13,0.88,-0.27,0.55,0.81,
-0.56,0.98,-0.36,0.11,0.49,-0.78,0.38,-0.8,-0.07,-0.22,0.05,0.95,-0.4,-0.28,0.74,0.14,0.02,-0.03,0.97,0.08,-0.38,-0.59,-0.65,-0.59,-0.11,-0.98,-0.91,0.34,0.45,-0.96,-0.1,-0.22,
-0.8,0.45,-0.51,-0.03,0.64,0.01,0.19,0.73,-0.92,-0.2,0.88,0.06,-0.34,-0.05,0.15,-0.1,0.86,-0.45,0.79,-0.59,0.63,-0.24,0.54,-0.59,-0.39,0.93,0.73,-0.11,-0.49,0.52,-0.7,0.91,
-0.14,-0.55,0.33,0.63,0.78,-0.94,-0.97,0.51,0.98,0.02,-0.25,-0.8,0.14,-0.26,-0.99,-0.94,-0.8,0.31,0.99,0.46,0.16,0.97,-0.71,-0.06,0.21,0.84,-0.03,-0.73,-0.09,0.33,-0.12,-0.61,
-0.9,0.23,0.08,-0.38,0.18,-0.5,0.83,-0.58,-0.43,0.91,-0.54,-0.76,-0.33,0.78,0.93,0.08,0.8,0.57,0.86,-0.68,0.11,-0.46,-0.56,0.05,0.17,0.82,-0.54,0.07,0.43,0.63,0.36,0.03,
-0.28,0.55,0.01,0.61,-0.9,-0.51,0.7,0.98,0.92,0.49,-0.46,0.82,0.89,0.75,0.38,-0.22,-0.09,-0.47,0.07,-0.1,0.41,-0.06,0.74,0.69,-0.19,0.49,0.63,-0.35,0.52,-0.35,0.33,0.57,
-0.91,-0.32,0.53,-0.96,-0.87,0.87,-0.63,0.96,-0.41,-0.7,-0.73,-0.94,-0.93,-0.27,-0.23,0.88,-0.77,-0.1,-0.97,0.52,-0.69,-0.64,-0.8,-0.21,-0.71,-0.01,0.61,-0.14,-0.69,0.28,-0.68,0.39,
0.63,-0.21,0.75,-0.52,-0.85,0.84,0.11,-0.25,-0.01,-0.89,0.64,-0.51,-0.49,-0.2,-0.26,-0.63,-0.99,-0.39,-0.42,0.31,-0.97,0.05,-0.95,-0.1,-0.75,0.69,0.6,0.29,0.22,-0.84,-0.92,-0.51,
0.67,0.25,0.52,-0.73,-0.28,-1,0.45,0.4,-0.7,-0.16,-0.9,-0.22,0.44,-0.25,-0.52,-0.11,0.62,-0.22,0.59,-0.18,0.79,0.25,-0.9,-0.18,-0.55,0.43,0.91,-0.34,-0.97,-0.75,0.26,0.09,
0.34,0.24,-0.88,-0.12,-0.6,-0.74,-0.17,0.81,0.25,-0.35,-0.88,-0.62,0.82,0.08,0.12,-1,0.92,0.73,0.71,0.41,-0.87,0.92,-0.26,0.67,0.54,0.64,-0.77,0.14,-0.2,0.55,0.46,0.45,
-0.78,-0.47,0.22,-0.16,-0.93,0.27,0.24,0.28,0.68,0.85,-0.73,0.84,-0.14,-0.03,-0.67,-0.09,-0.39,0.62,0.97,0.89,-0.73,0.05,0.58,-0.18,0.26,-0.74,-0.69,0.68,-0.73,-0.23,0.79,-0.95,
0.45,-0.61,0.54,-0.11,0.89,0.03,-0.07,0.97,-0.04,0.02,0.19,0.16,-0.86,0.3,0.72,-0.28,-0.12,-0.15,0.5,0.13,-0.64,-0.35,0.49,0.94,-0.1,0.43,0.67,0,-0.81,-0.35,-0.02,-0.69,
0.26,0.32,0.25,-0.22,-0.25,-0.74,-0.63,-0.98,0.23,-0.14,0.59,0.14,-0.45,-0.67,0.12,0.22,0.36,0.65,-0.87,0.85,0.27,0.45,-0.75,-0.37,0.19,-0.88,-0.43,-0.37,0.92,-0.07,-0.7,-0.03,
0.41,0.3,0.23,0.79,-0.21,0.67,-0.71,0.85,-0.81,-0.34,-0.09,-0.33,0.29,0.01,-0.06,0.74,-0.77,0.47,0.15,0.18,0.18,0.19,0.51,0.46,-0.96,-0.43,0.31,0.84,-0.51,-0.9,-0.04,0.7,
-0.55,0.22,0.79,0.61,-0.82,0.36,0.64,-0.5,-0.7,0.54,-0.32,0.1,0.25,0.65,0.82,-0.38,0.16,-0.05,0.2,0.02,-0.12,0.63,0.21,-0.74,-0.84,0.82,-0.39,-0.29,-0.04,-0.69,-0.29,0.47,
0.12,0.48,-0.38,0.03,-0.23,0.47,0.31,-0.73,-0.46,0.49,-0.18,0.23,0.93,-0.42,-0.69,-0.91,0.59,0.93,-0.97,-0.88,-0.79,-0.05,-0.85,0.51,0.81,0.14,0.28,-0.56,-0.32,0.42,-0.08,0.15,
0.65,0.36,-0.16,0.33,0.98,0.13,-0.26,0.1,0.7,0.73,-0.32,0.31,0.19,-0.8,0.22,-0.28,-0.84,-0.91,-0.55,0.25,-0.71,0.29,-0.6,-0.42,-0.66,-0.7,-0.8,-0.68,0.97,0.65,-0.54,0.94,
0.4,0.97,-0.72,0.56,0.99,-0.1,0.92,0.87,-0.27,0.28,-0.01,-0.63,-0.47,0.23,-0.78,0.3,-0.69,0.02,0.33,-0.97,0.6,0.54,-0.07,-0.82,0.26,-0.34,-0.36,-0.9,-0.48,-0.38,0.5,0.28,
0.89,0,-0.46,-0.49,-0.45,0.97,-0.23,-0.28,0.09,0.43,0.91,0.53,-0.55,0.1,-0.4,-0.37,0.32,0.13,0.32,0.17,-0.77,0.95,-0.06,0.59,0.63,-0.94,-0.4,-0.01,-0.05,-0.77,-0.88,-0.38,
-0.2,0.98,0.95,0.14,-0.87,-0.72,0.47,0.43,-0.63,0.62,-0.69,-0.92,0.1,-0.69,-0.81,-0.93,-0.37,-0.26,-0.91,0.16,-0.36,-0.91,0.86,-0.27,0.28,0.22,0.86,0.29,0.27,-0.84,0.91,0.95,
0.33,0.29,0.23,-0.18,0.15,-0.23,-0.93,-0.93,-0.35,-0.84,0.15,0.69,0.27,0,-0.24,0.31,-0.52,-0.67,-0.23,0.26,0.24,-0.05,-0.27,0.13,-0.47,-0.94,-0.76,0.11,-0.24,-0.57,0.44,0.28,
-0.87,-0.15,-0.47,0.06,0.04,0.77,0.56,-0.03,0.85,-0.41,0.48,-0.8,-0.9,-0.62,-0.37,0.62,0.28,0.26,0.52,-0.79,0.79,-0.49,0.48,-0.06,0.22,0.69,0.98,-0.02,-0.93,0.74,-0.54,0.15,
0.34,0.8,0.06,0.78,0.88,0.6,-0.2,0.39,-0.63,0.93,0.06,0.85,-0.3,0.01,-0.65,0.57,-0.07,-0.92,-0.75,-0.83,-0.3,-0.85,-0.41,-0.43,-0.69,-0.24,-0.95,0.56,-0.22,-0.81,-0.66,-0.53,
0.29,-0.88,0.77,0.06,-0.93,-0.35,0.23,0.6,-0.23,0.79,0.4,-0.27,-0.81,-0.2,0.04,0.3,-0.52,-0.11,-0.04,0.76,-0.65,-0.75,0.81,-0.59,0.96,0.11,0.16,-0.72,-0.49,0.2,-0.01,0.69,
0.11,0.66,-0.65,-0.25,-0.35,0.02,0.58,0.41,-0.59,0.93,-0.57,0.63,-0.67,-0.59,-0.21,0.31,-0.18,-0.37,-0.62,0.72,0.16,-0.42,-0.89,0.42,0.78,0.46,-0.88,0.7,-0.16,0.57,-0.42,0.95,
0.74,-0.18,0.91,0.8,0.7,-0.23,-0.59,0.96,0.86,-0.01,-0.54,0.52,0.2,-0.54,0.84,-1,0.29,0.79,0.31,0.89,-0.53,-0.43,-0.64,-0.12,-0.13,-0.95,-0.23,0.83,0.71,-0.16,0.5,-0.08,
-0.36,0.84,-0.06,-0.06,0.22,-0.93,0.23,0.32,-0.22,-0.2,0.9,0.11,-0.44,-1,0.06,0.03,0.11,-0.96,-0.06,-0.43,0.66,-0.92,0.05,0.68,-0.48,-0.69,-0.62,0.78,0.66,-0.48,-0.59,-0.72,
0.4,-0.84,0.36,0.36,0.61,0.08,-0.87,-0.47,-0.3,-0.9,0.55,-0.44,0.46,-0.93,-0.78,0.06,0.95,-0.4,-0.76,-0.18,0.76,0.25,-0.82,0.97,-0.18,0.21,-0.36,-0.57,-0.05,-0.16,-0.84,0.63,
0.45,-0.91,0.8,-0.98,0.19,-0.32,0.42,-0.12,0.63,0.43,-0.72,-0.81,-0.72,-0.25,0.64,-1,0.96,-0.11,-0.11,0.51,-0.55,-0.67,0.02,-0.13,0.67,-0.41,0.94,0.14,-0.23,0.09,0.57,0.22,
0.37,0.49,-0.65,-0.32,0.65,0.75,-0.69,-0.72,0.71,-0.44,0.37,0.37,0.75,0.15,0.23,0.38,0.16,0.16,-0.36,0.29,-0.64,0.56,0.09,0.11,-0.15,0.81,-0.23,0.36,0.68,-0.13,-0.36,0.53,
0.23,0.38,-0.88,0.19,-0.35,0.56,0.27,0.61,-0.04,-0.87,-0.81,-0.03,0.24,0.77,0.79,0.67,-0.66,0.25,0.65,-0.77,0.19,-0.46,-0.19,-0.32,0.54,0.11,0.05,-0.32,0.52,0.54,-0.68,0.02,
0.59,-0.67,-0.36,0.54,0.16,0.4,0.99,0.36,-0.19,-0.39,-0.5,0.95,-0.91,-0.57,0.73,-0.69,0.5,0.8,0.85,0.53,0.25,0.27,-0.85,-0.78,-0.84,0.93,-0.63,0.11,0.49,-0.23,-0.22,-0.25,
0.17,0.13,-0.14,0.81,0.51,0.59,0.11,0.6,0.25,-0.26,-0.87,0.04,-1,-0.66,-0.67,-0.01,-0.6,0.69,-0.8,0.51,0.82,-0.94,-0.66,-0.38,0.9,0.86,0.13,0.12,0.11,0.3,-0.58,-0.93,
0.49,0.4,-0.21,-0.11,-0.68,-0.15,0.1,-0.27,0.74,0.38,0.65,-0.21,-0.37,0.09,-0.22,0.05,0.68,-0.01,0.09,0.94,0.54,0.96,0.52,0.07,0.79,0.07,0.42,-0.05,0.18,0.19,0.23,0.63,
0.27,-0.36,-0.81,0.41,0.21,-0.46,0.08,0.4,0.87,-0.38,0.06,-0.84,-0.36,-0.06,-0.47,-0.24,0.1,0.96,0.65,0.69,-0.98,-0.27,-0.27,-0.63,0.69,-0.4,-0.88,0.32,0.22,-0.07,0.77,0.97,
-0.65,-0.78,-0.11,-0.51,0.45,-0.59,-0.97,-0.13,0.08,0.1,0.71,-0.08,-0.67,-0.81,0.25,-0.35,-0.74,0.06,0.39,-0.23,-0.8,-0.23,0.9,-0.4,-0.05,0.33,0.46,0.36,-0.65,0.63,-0.15,-0.68,
-0.27,-0.3,0.78,0.02,-1,0.59,-0.84,-0.95,0.61,0.61,0.76,-0.42,-0.96,-0.14,-0.13,-0.1,-0.08,-0.39,0.6,0.25,-0.99,-0.76,0.91,0.45,0.73,0.33,0.45,-0.66,-0.26,-0.81,-0.85,0.45,
-0.75,-0.84,0.17,0.63,0.41,-0.76,0.66,-0.25,-0.1,0.53,0.06,-0.18,-0.28,-0.71,0.87,-0.7,0.33,0.83,0.96,-0.27,0.37,0.61,-0.17,0.23,-0.65,0.9,-0.84,0.62,-0.87,-0.89,-0.38,0.14,
0.55,0.24,-0.89,-0.2,0.62,-0.16,-0.81,-0.89,0.83,0.72,-0.11,0.73,0.97,0.2,-0.36,0.57,-0.81,0.75,-0.14,-0.83,-0.47,0.78,-0.02,0.87,0.29,0.18,-0.28,0.05,0.65,0.33,0.79,-0.58,
-0.2,-0.59,-0.97,0.41,-0.14,0.63,-0.61,-0.48,0.12,-0.73,-0.08,-0.83,-0.25,0.05,-0.86,0.04,-0.93,0.96,-0.54,-0.94,-0.65,0.61,-0.7,-0.76,0.52,0.18,0.69,-0.78,-0.57,0.11,-0.94,0.61,
-0.06,0.04,0.82,0.47,0.69,-0.16,-0.89,0.98,0.33,-0.54,-0.08,-0.83,-0.02,-0.37,-0.06,0.02,0.7,0.91,0.02,0.27,0.09,-0.29,0.56,-0.18,0.5,0.1,-0.98,-0.82,-0.47,-0.9,-0.22,-0.04,
0.11,-0.99,0.07,0.45,-0.01,-0.59,-0.53,0.14,0.82,0.09,0.36,-0.18,-0.42,-0.27,-0.52,0.75,-0.42,0.6,0.47,0.16,0.93,-0.33,0.51,0.37,0.16,-0.63,0.4,-0.57,0.73,0.97,-0.17,-0.3,
-0.43,0.72,-0.57,-0.44,0.96,-0.68,-0.9,-0.45,0.48,0.83,-0.19,0.02,0.47,-0.12,-0.89,0.4,-0.91,0.19,-0.12,-0.14,-0.91,0.19,0.09,-0.7,0.3,0.25,-0.06,-0.41,0.06,-0.58,-0.3,-0.01,
0.1,-0.19,0.34,0.5,-0.87,0.22,-0.4,0.42,-0.07,0.9,0.58,-0.24,-0.79,0,0.76,-0.88,-0.94,0.07,-0.65,-0.41,-0.24,0.93,0.5,0.92,-0.51,-0.8,-0.2,0.05,-0.73,0.51,0.43,0.92,
-0.71,-0.93,-0.41,0.42,-0.32,0.82,-0.53,-0.79,0.07,0.68,0.05,-0.16,0.69,0.96,0.59,-0.69,0.84,0.82,0.72,0.42,-0.58,0.94,-0.17,0.83,0.83,-0.09,-0.08,0.34,-0.58,-0.31,0.97,0.24,
