-0.53,-0.19,0.48,0.54,-0.84,0.95,-0.62,0.78,-0.27,0.66,-0.73,0.52,0.62,-0.07,-0.41,0.08,0.31,-0.52,-0.86,0.13,0.27,-0.38,0.07,0.48,
0.78,0.34,-0.1,-0.69,0.6,-0.53,-0.99,0.05,0.52,-0.03,0,0.21,-0.98,-0.09,0.21,0.15,0.01,0.35,-0.25,0.53,0.64,0.94,0.01,-0.14,
-0.19,0.92,-0.67,-0.29,0.63,0.68,0.77,0.07,-0.56,-0.25,0.02,0.17,-0.46,0.47,-0.93,0.11,-0.37,-0.98,0.41,-0.92,-0.5,0.36,0.08,-0.59,
0.12,-0.9,0.16,0.89,-0.77,-0.85,0.61,0.12,0.14,0.56,0.2,0.7,0.77,0.06,0.48,0.31,0.46,0.9,0.75,0.29,-0.92,-0.9,0.48,-0.53,
0.15,0.47,0.01,-0.91,0.68,0.31,0.6,-0.63,-0.49,0.75,-0.84,-0.8,-0.82,-0.33,-0.03,-0.9,-0.89,-0.48,-0.65,-0.75,-0.83,0.26,0.31,-0.55,
-0.73,-0.92,0.19,0.96,-0.38,0.81,0.12,-0.64,-0.96,-0.64,0.33,-0.43,-0.88,-0.26,-0.95,0.43,-0.72,0.66,-0.71,0.09,-0.55,-0.07,-0.01,-0.73,
0.5,-0.28,0.22,0.57,0.07,-0.57,-0.6,0.68,0.6,-0.29,0.96,-0.47,-0.68,-0.98,0.95,0.88,0.23,-0.15,-0.23,-0.01,0.11,-0.38,-0.25,-0.78,
-0.23,0.67,-0.4,-0.67,-0.92,-0.61,-0.03,0.4,0.38,0.6,-0.87,-0.38,0.52,0.37,-0.75,0.09,0.11,-0.96,-0.45,-0.87,0.11,-0.82,-0.07,0.03,
-0.78,-0.06,0.88,-0.88,-0.92,0.59,0.06,-0.73,-0.7,0.78,-0.31,0.03,0.24,-0.2,0.21,-0.56,-0.6,-0.96,-0.41,-0.89,0.68,-0.13,-0.29,0,
-0.26,-0.85,0.67,-0.41,0.06,-0.63,-0.63,0.11,0.52,0.11,0.48,0.59,0.92,-0.06,-0.67,-0.31,-0.54,-0.2,0.67,-0.92,0.21,-0.44,0.72,-0.4,
0.51,0.8,0.34,0.81,0.13,-0.93,-0.98,0.64,-0.27,0.6,-0.46,-0.52,-0.35,0,0.65,-0.75,-0.14,0.04,0.87,-0.34,-0.39,0.29,-0.67,0.17,
-0.23,-0.61,0.88,-0.57,-0.31,0.75,-0.11,-0.33,-0.05,0.44,-0.4,0.55,-0.07,-0.6,-0.91,-0.55,-0.42,0.12,-0.1,0.48,-0.47,-0.55,-0.17,0.2,
0.3,-0.51,0.22,0.73,-0.75,-0.1,-0.5,0.62,0.71,-0.68,-0.18,0.77,-0.1,0.09,0.46,-0.34,-0.44,-0.68,0.5,0.26,-0.09,0.62,0.58,0.85,
0.43,0.57,0.72,-0.7,0.73,0.46,-1,-0.75,0.47,0.78,-0.75,0.93,0.4,0.35,0.32,-0.79,-0.59,-0.08,0.22,0.53,0.43,0.62,-0.15,0.53,
0.79,0.32,-0.01,-0.07,0,0.49,0.11,0.09,-1,-0.99,0.8,0.75,0.13,0.05,-0.41,0.99,-0.03,-0.65,-0.13,-0.22,0.72,-0.42,-0.05,0.34,
-0.78,0.93,0,0.56,-0.63,-0.94,0.23,0.43,-0.93,0.81,-0.39,0.29,0.26,-0.59,0.73,0.72,0.31,0.94,-0.18,0.02,-0.66,-0.72,-0.86,0.84,
-0.95,0.81,0.18,0.55,-0.33,-0.19,-0.42,0.32,0.14,-0.35,0.27,-0.9,0.22,0.77,0.08,-0.23,0.08,0.61,0.7,-0.19,0.55,-0.21,-0.2,0.79,
-0.98,0.06,0.01,0.08,0.43,-0.18,-0.21,-0.16,0.5,0.9,0.8,-0.43,-0.2,-0.38,-0.53,0.03,-0.22,0.47,0.33,0.46,0.28,0.07,0.28,0.86,
0.79,-0.59,-0.49,-0.3,0.15,0.01,0.76,0.01,-0.31,0.52,0.43,0.28,0.28,-0.65,0.11,-0.4,-0.88,-0.44,-0.74,0.27,0.8,-0.12,-0.8,-0.75,
0.36,0.66,-0.96,-0.31,0.67,0.01,-0.62,0.27,-0.89,-0.3,-0.52,0.92,-0.23,-0.88,-0.64,0.6,-0.82,0.32,-0.3,-0.97,0.5,-0.14,0.34,-0.04,
-0.36,0.85,0.92,-0.22,-0.54,-0.21,-0.58,0.67,-0.25,0.96,0.09,0.94,-0.46,0.89,-0.68,-0.89,-0.08,-0.86,-0.43,0.82,0.29,0.49,-0.54,-0.96,
0.31,-0.07,0.95,0.17,0.19,-0.63,-0.24,0.99,0.05,-0.33,0.65,0.01,0.34,0.23,0.77,-0.08,-0.32,0.24,-0.28,0.06,0.89,-0.96,0.4,0.43,
0.03,0.87,0.26,-0.19,-0.69,-0.86,-0.48,0.38,0.51,0.01,0.18,-0.39,0.58,0.51,-0.99,-0.98,-0.69,0.72,-0.41,0.25,0.81,-0.96,-0.04,-0.86,
-0.07,0.58,-0.95,0.32,0.8,-0.57,-0.73,-0.17,-0.81,-0.16,0.26,-0.92,0.28,-0.91,0.11,-0.74,0.83,-0.01,-0.06,0.32,0.6,0.24,-0.56,0.6,
-0.33,0.9,-0.68,-0.78,-0.35,0.06,0.36,0.73,0.49,-0.18,-0.65,0.77,0.16,0.68,-0.71,0.82,-0.2,-0.83,0.14,-0.8,-0.97,0,-0.54,-0.81,
-0.1,0.19,-0.71,0.69,-0.29,-0.8,0.74,0.54,0.96,-0.44,-0.63,0.67,0.49,-0.87,-0.58,0.38,0.33,0.68,0.16,0.13,-0.41,-0.23,-0.83,-0.83,
0.51,-0.19,0.62,0.48,0.2,0.21,-0.49,-0.7,-1,0.69,-0.51,-0.15,0.78,0.68,0.67,-0.13,-0.34,-0.1,-0.26,-0.19,0.98,0.73,0.24,0.97,
-0.64,-0.68,-0.86,0.23,0.24,-0.03,-0.99,-0.49,0.91,-0.14,-0.3,-0.03,-0.76,0.35,0.24,-0.1,0.69,-0.9,-0.01,-0.69,-0.19,0.26,-0.69,-0.44,
0.18,-0.08,-0.69,0.55,-0.7,-0.66,-0.7,-0.39,0.78,-0.9,0.54,-0.69,-0.72,-0.48,-0.41,0.09,-0.44,0.91,0.5,0.15,-0.67,0.41,0.63,0.28,
-0.86,-0.84,0.15,0.36,0.57,-0.13,-0.86,-0.23,-0.46,-0.22,-0.8,-0.78,-0.32,-0.55,0.14,-0.66,-0.29,0.19,0.43,0.35,0.41,-0.63,-0.6,-0.62,
-0.02,-0.64,0.37,0.53,-0.86,0.01,-0.94,-0.76,-0.22,-0.56,-0.19,0.68,-0.71,0.79,0.31,0.25,0.73,-0.52,-0.36,-0.11,0.52,0.48,-0.06,-0.86,
-0.4,0.89,-0.21,-0.28,-0.94,0.1,0.6,0.75,-0.06,-0.23,0.21,0.72,0.4,-0.22,0.57,-0.83,-0.99,-0.3,-0.32,0.66,0.3,-0.09,0.04,0.69,
