-0.36,-0.33,0.52,-0.01,-0.23,-0.1,0.24,-0.96,-0.75,0.77,-0.3,-0.93,-0.74,-0.06,-0.11,-0.72,
0.69,0.48,0.57,-0.8,0.18,-0.98,-0.67,0.05,0.04,0.68,0.77,0.65,-0.43,-0.5,0.3,0.02,
-0.74,-0.2,-0.49,-0.12,0.63,-0.96,0.59,0.16,0.01,0.49,0.6,-0.76,0.39,-0.72,-0.06,-0.62,
0.1,-0.06,-0.6,0.7,0.21,-0.74,-0.9,0.42,0.89,0.31,0.43,-0.36,-0.86,0.83,0.61,0.66,
0.97,-0.35,-0.04,-0.99,0.9,0.8,0.83,-0.68,0.81,-0.99,-0.23,-0.06,0.57,-0.41,-0.1,0.19,
0.05,-0.43,0.36,-0.85,0.11,0.56,0.73,0.71,-0.59,0.93,0.74,-0.8,-0.06,-0.03,0.89,-0.99,
-0.51,0.27,-0.62,0.4,0.76,0.86,0.19,-0.51,0.99,0.48,0.66,0.06,-0.94,0.93,-0.61,-0.86,
0.45,0.88,-0.22,-0.09,-0.54,0.03,0.14,0.45,0.96,0.06,-0.25,-0.99,-0.5,-0.06,-0.38,-0.78,
0.58,0.38,-0.46,-0.97,0.92,0.09,0.24,-0.94,-0.39,0.41,0.3,0.07,-0.36,-0.04,0.73,0.79,
-0.14,-0.51,0.54,0.58,-0.28,0.33,0.3,0.27,0.91,-0.78,0.13,0.04,-0.49,0.99,0.31,0.26,
-0.72,0.38,0.11,0.81,-0.15,0.59,0.05,-0.77,0.98,-0.63,-0.01,0.45,0.21,0.5,-0.65,0.51,
-0.53,-0.38,-0.25,0.05,-0.56,-0.72,-0.71,0.9,-0.44,0.64,0.09,-0.12,0.43,0.88,-0.08,0.2,
0.32,-0.94,-0.02,0.95,-0.11,-0.38,-0.64,0.64,0.78,-0.4,-0.14,0.57,-0.81,-0.08,-0.26,0.05,
-0.14,0.24,-0.9,0.16,0.7,-0.07,0.22,0.88,0.6,0.26,-0.58,0.05,-0.04,0.25,0.14,-0.8,
0.72,-0.77,-0.69,-0.08,-0.81,0.31,0.65,-0.62,-0.99,0.7,0.01,0.1,0.8,0.77,0.78,0.69,
0.54,-0.98,-0.14,-0.31,0.06,0.2,0.3,-0.81,0.36,-0.98,0.5,-0.96,-0.47,-0.42,0.41,-0.1,
0.49,0.42,0.49,-0.2,0.39,0.02,0.17,0.65,0.63,0.99,0.44,-0.32,0.42,0.51,-0.9,0.43,
-0.97,-0.66,-0.12,-0.3,0.55,0.17,-0.87,-0.73,-0.22,0.93,0.93,0.28,-0.23,-0.1,0.56,0.07,
0.68,-0.19,-0.87,-0.36,0.61,0.26,-0.08,0.75,-0.04,0.46,0.02,0.2,0.6,0.08,-0.26,0.08,
-0.83,0.22,-0.13,0.9,-0.93,0.47,0.05,0.62,-0.48,-0.65,0.56,0.81,-0.5,0.1,-0.84,-0.46,
-0.4,-0.68,0.1,-0.9,-0.87,-0.87,-0.75,-0.54,0.28,-0.48,-0.76,0.85,0.37,-0.03,0.47,-0.45,
0.8,-0.89,-0.8,-0.78,0.98,0.63,0.85,-0.74,0.52,0.99,-0.53,0.96,0.63,-0.38,0.53,0.63,
-0.76,-0.79,0.85,0.13,-0.61,0.85,0.65,-0.67,0.55,-0.47,-0.54,0.75,-0.09,-0.46,0.17,-0.11,
0.72,-0.23,-0.61,-0.08,-0.22,0.66,-0.01,0.95,0.4,0.27,-0.35,-0.01,0.28,-0.26,-0.62,-0.58,
