0.71,0.91,-0.88,-0.42,-0.84,-0.21,0.66,-0.34,0.68,0.91,0.21,0.6,-0.48,-0.72,0.52,-0.02,
-0.3,0.26,0.86,0.08,-0.92,-0.63,0.35,-0.77,-0.41,0.97,-0.1,0.19,0.15,-0.72,-0.85,-0.42,
-0.59,-0.46,0.68,-0.06,-0.11,0.1,0.15,0.86,0.82,0.36,-0.94,0.59,0.22,-0.8,0.73,-0.68,
-0.66,0.1,0.47,0.52,0.45,-0.56,-0.85,-0.49,0.63,0.68,0.45,0.52,0.49,-0.61,-0.86,-0.31,
0.72,-0.75,-1,0.88,0.79,0.13,0.37,-0.64,-0.51,0.67,-0.35,-0.33,0.07,-0.16,0.1,0.79,
-0.55,0.5,0.72,0.38,0.74,0.09,0.5,0.19,-0.47,-0.63,-0.25,-0.91,0.11,0.97,0.24,0.86,
-0.89,-0.13,-0.8,-0.64,-0.77,-0.59,-0.27,-0.09,-0.01,-0.48,0.55,0.71,-0.29,0.15,-0.73,-0.65,
0.77,-0.79,0.26,-0.97,-0.83,0.99,0.22,-0.03,0.69,0.8,0.03,-0.66,-0.05,0.02,-0.27,-0.52,
-0.15,-0.9,-0.22,-0.53,0.87,-0.54,-0.49,0.56,-0.89,0.1,0.08,0.68,0.1,-0.52,0.47,-0.43,
0.17,-0.47,0.45,-0.75,-0.1,0.53,0.39,0.24,-0.05,-0.08,0.34,0.48,0.67,-0.1,-0.54,-0.05,
-0.24,-0.84,0.64,0.4,-0.27,-0.12,0.58,0.29,-0.19,0.83,0.63,-0.99,-0.44,-0.48,0.51,0.96,
-0.99,0.96,0.08,-0.69,-0.93,0.48,-0.34,-0.39,-0.29,0.59,0.76,0.82,-0.79,-0.67,-0.49,-0.76,
0.75,0.14,0.42,-0.89,-0.2,0.59,0.71,0.37,-0.15,-0.71,-0.03,0.9,-0.31,0.35,0.43,0,
-0.88,-0.49,-0.69,-0.1,0.53,-0.04,0.59,0.66,0.13,0.15,-0.24,-0.2,-0.49,0.7,-0.13,-0.03,
-0.38,-1,-0.15,-0.95,-0.29,0.22,-0.75,-0.63,0.52,0.29,0.97,-0.29,0.09,-0.91,-0.18,-0.91,
-0.44,-0.26,0.08,-0.16,0.76,-0.23,-0.03,0.9,0.89,-0.83,0.94,0.31,0.52,0.5,-0.89,-0.95,
0.93,-0.11,-0.6,-0.59,-0.2,-0.9,0.77,-0.57,0.2,0.47,0.92,-0.15,0.04,-0.82,-0.12,-0.4,
-0.88,-0.28,-0.28,0.72,-0.8,-0.89,0.52,0.49,0.16,-0.92,-0.08,0.02,0.16,-0.47,-0.62,0.93,
0.44,-0.85,0.93,0.83,-0.66,-0.05,-0.57,0.33,0.82,0.7,0.14,-0.77,0.11,0.45,0.38,-0.16,
-0.52,0.42,-0.7,-0.1,0.34,-0.83,0.5,-0.48,-0.08,-0.5,0.75,-0.99,0.99,-0.37,0.37,0.43,
0.71,0.68,-0.31,0.43,-0.71,-0.51,-0.7,-0.17,-0.9,0.04,0.06,0.17,0.2,0.12,-0.04,0.06,
-0.88,0.65,0.96,-0.77,-0.4,-0.12,0.76,-0.66,0.98,0.25,-0.78,-0.79,0.92,-0.32,0.72,-0.06,
0.46,-0.79,-0.94,-0.26,-0.75,-0.52,-0.66,-0.09,-0.39,0.07,-0.52,-0.52,0.57,0.73,0.21,0.81,
-0.67,0.07,-0.42,0.3,0.44,0.52,-0.59,0.28,0.31,-0.97,0.19,0.6,0.85,-0.41,0.26,-0.86,
0.25,0.02,-0.56,0.43,0.82,-0.97,0.77,-0.13,-0.95,0.24,0.98,0.35,0.4,0.21,-0.06,0.89,
0.89,-0.76,0.77,-0.17,0.92,-0.27,0.75,-0.08,-0.99,0.7,-0.1,0.32,-0.66,0.98,0.43,-0.68,
-0.56,-0.73,0.99,-0.37,-0.08,-0.01,0.36,-0.37,0.96,0.87,0.53,-0.5,0.59,-0.17,0.18,-0.26,
0.77,0.9,-0.75,-0.33,-0.86,-0.17,0.7,0.84,0.06,-0.98,-0.28,0.61,-0.43,0.47,0.92,0.39,
-0.44,-0.41,-0.07,0.53,0.47,0.52,0.14,-0.99,0.68,-0.52,0.16,0.7,0.32,-0.71,-0.1,0.09,
