0.39,0.11,-0.33,-0.06,0.64,-0.88,-0.14,0.41,0.51,-0.65,-0.95,-0.03,-0.11,-0.36,-0.55,-0.09,0.07,0.79,0.7,0.85,-0.83,-0.78,0.45,-0.16,-0.02,-0.87,-0.88,-0.02,-0.26,0.5,0.54,-0.7,-0.16,-0.41,-0.15,
-0.47,0.16,-0.78,0.04,-0.27,0.56,0.48,-0.27,0.23,0.17,-0.47,0.87,0.73,0.2,0.48,-0.45,0.66,0.09,0.14,0.08,-0.19,-0.07,0.35,0,-0.12,0.31,0.15,-0.35,0.57,0.76,-0.82,-0.04,-0.74,0.99,0.11,
-0.64,-0.66,0.41,-0.66,-0.13,0.11,0.65,-0.88,-0.87,-0.16,0.32,0.94,0.05,0.34,-0.36,0.13,-0.25,-0.45,0.02,0.14,0.3,0.15,-0.07,0.34,-0.45,0.91,0.81,-0.97,0.14,-0.86,-0.64,0.27,-0.98,-0.14,-0.98,
0.96,0.99,-0.41,-0.17,0.57,0.05,0.38,0.57,-0.6,-0.06,0.21,0.78,0.64,0.52,-0.07,0.2,-0.95,0.26,0.31,-0.76,0.98,-0.63,-0.81,-0.4,0.99,0.73,-0.82,-0.4,-0.61,-0.52,-0.53,0.54,-0.57,-0.27,-0.28,
0.89,0.91,0.06,0.34,-0.41,0.72,0.45,0.91,0.15,0.31,-0.01,-0.66,0.86,0.05,-0.76,-0.12,-0.73,-0.72,-0.82,0.13,-0.8,-0.31,-0.83,0.64,0.35,0.42,0.2,-0.24,0.35,0.58,0.18,-0.13,-0.64,-0.89,-0.15,
0.84,-0.04,0.91,-0.13,-0.92,0.06,-0.62,0.38,-1,0.31,-0.14,0.37,0.7,0.76,-0.04,0.98,0.61,-0.05,-0.54,0.96,0.18,0.65,-0.78,0.86,0.88,0.67,0.66,0.17,0.34,-0.52,0.36,-0.24,-0.84,0.06,-0.68,
-0.02,0,0.92,-0.73,0.91,0.26,-0.64,0.23,-0.76,0.93,-0.55,-0.99,-0.27,0.31,0.31,-0.26,0.12,0.42,-0.14,-0.48,0.8,-0.91,-0.09,-0.02,0.02,-0.85,0.52,-0.21,-0.62,0.74,0.15,0.76,-0.35,0.31,-0.87,
0.41,0.69,0.64,-0.95,0.69,-0.78,0.73,0.79,-0.69,-0.96,0.43,-0.99,-1,0.41,-0.7,-0.91,-0.02,-0.04,-0.5,0.71,-0.41,-0.51,0.93,-0.55,0.03,-0.4,-0.5,0.37,0.42,-0.8,-0.07,0.77,0.7,-0.19,-0.18,
0.26,0.83,-0.9,0.59,-0.75,-0.33,0.74,0.97,-0.75,-0.52,0.37,0.09,-0.21,0.52,0.89,0.35,-0.13,0.29,-0.21,0,-0.04,0.05,-0.08,0.89,-0.32,-0.41,-0.24,0.46,0.32,-0.98,-0.38,-0.04,-0.94,0.66,0.16,
0.97,-0.27,0.81,-0.69,-0.23,0.15,-0.48,0.34,0.71,0.76,0.25,-0.56,-0.28,0.42,-0.73,-0.76,-0.69,-0.61,0.96,0.12,-0.55,0.98,0.59,0.2,-0.17,-0.39,-0.22,0.44,0.74,0.43,0.89,-0.56,-0.36,0.06,0.64,
0.52,-0.2,-0.69,0.77,-0.57,-0.6,-0.48,-0.1,-0.97,-0.47,-0.11,-0.18,-0.42,0.48,0.47,0.85,0.28,-0.41,0.98,-0.83,0.53,0.26,0.18,0.66,0.51,-0.72,0.83,-0.31,-0.57,-0.59,-0.49,0.69,-0.28,0.88,0.56,
-0.26,-0.11,0.71,0.63,0.75,0.41,0.82,-0.28,-0.07,-0.29,0.46,0.95,0.36,0.71,-0.12,-0.41,-0.51,-0.15,0.65,0.57,-0.11,0.72,0.22,0.27,0.58,-0.6,0.02,0.01,0.71,-0.44,0.31,-0.09,-0.07,0.35,0.58,
0.96,-0.01,0.59,0.47,-0.49,-0.63,-0.7,-0.83,-0.35,0.68,0.05,-0.34,-0.06,0.12,0.42,0.9,0.71,0.6,-0.78,0.68,-0.37,-0.13,0.39,-0.75,-0.12,0.71,-0.7,0.87,-0.4,-0.42,0.97,0.21,-0.83,-0.62,0.87,
-0.15,-0.26,0.61,0.44,0.21,0.71,0.94,0.86,-0.49,0.67,0.34,-0.08,0.87,-0.45,0.87,-0.22,-0.7,-0.7,-0.76,-0.07,0.84,-0.89,-0.75,-0.48,-0.14,0.03,-0.26,0.63,0.78,0.84,-0.74,-0.52,-0.18,0.73,-0.42,
-0.97,0.14,-0.02,0.81,0.03,-0.59,-0.7,0.22,-0.55,-0.9,-0.25,0.28,-0.58,0.49,0.26,0.47,-0.39,-0.47,-0.92,0.8,-0.66,-0.66,0.48,0.81,0.7,-0.18,-0.98,-0.8,-0.06,0.07,-0.97,-0.45,-0.91,0.89,0.02,
-0.1,-0.7,0.58,0.54,-0.15,-0.73,-0.55,0.01,0.06,-0.16,-0.81,-0.71,-0.95,-0.17,-0.61,-0.47,0.41,-0.78,0.61,-0.58,-0.42,-0.03,0.53,-0.62,0.03,0.74,0.77,-0.95,-0.43,0.06,-0.36,0.75,0.04,-0.18,-0.67,
0.97,0.43,0.73,-0.57,0.02,-0.37,0.32,-0.18,0.72,-0.75,0.11,-0.22,0.87,0.71,0.22,0.06,0.54,0.29,0.69,0.75,0.34,0.12,-0.05,0.22,0.71,0.12,0.17,-0.72,-0.56,-0.04,-0.76,-0.19,-0.63,-0.45,0,
-0.8,-0.46,0.68,0.04,0.92,-0.25,-0.64,-0.26,-0.91,-0.74,-0.13,0.01,-0.4,0.73,0.24,-0.44,0.97,-0.36,0.78,0.61,0.28,0.81,-0.65,-0.9,0.38,0.74,-0.34,-0.1,0.68,-0.97,-0.47,-0.05,0.92,-0.31,-0.24,
0.22,0.27,0.78,0.13,0.8,-0.66,-0.5,-1,0.2,0.29,0.68,0.13,0.04,-0.67,-0.22,0.87,-0.31,-0.1,-0.98,0.87,-0.67,-0.92,0.33,0.01,-0.29,0.09,-0.21,0.78,0.98,-0.93,-0.73,0.4,0.3,-0.63,-0.6,
0.02,0.79,-0.76,0.46,0.11,0.7,0.68,-0.3,-0.6,-0.91,0.65,-0.46,0.15,0.46,-0.13,0.88,0.35,-0.57,0.6,-0.75,0.14,-0.12,-0.68,0.36,-0.54,-0.11,0.45,-0.21,-0.05,0.34,0.64,0.42,0.55,0.69,-0.57,
0.72,-0.89,-0.97,0.13,0.58,0.22,0.05,-0.61,0.12,-0.01,-0.2,-0.51,-0.59,-0.12,0.43,-0.92,-0.1,-0.6,0.24,-0.51,-0.36,0.44,-0.03,-0.14,0.78,0.74,0.04,-0.41,0.49,-0.98,0.25,-0.73,0.82,0.49,0.95,
-0.48,-0.37,-0.14,-0.9,0.69,0.1,0.31,0.2,-0.13,-0.1,0.57,-0.87,0.7,-0.6,0.76,0.55,-0.12,-0.95,-0.99,0.57,0.74,0.48,-0.04,0.35,-0.1,0.78,0.44,0.35,-0.59,-0.91,0.97,-0.41,0.53,-0.58,0.97,
0.15,0.3,-0.3,-0.42,0.76,0.61,-0.21,0.67,-0.86,-0.39,0.54,0.69,-0.47,0.57,-0.76,0.2,-0.14,0.53,0.17,0.74,-0.8,-0.91,0.04,-0.77,0.28,0.15,0.17,-0.5,0.94,-0.67,-0.69,-0.37,-0.07,-0.35,-0.42,
0.21,0.55,0.11,-0.92,-0.86,-0.2,0.6,-0.19,0.32,-0.49,-0.52,-0.99,-0.54,-0.9,0.67,0.49,-0.92,0.1,-0.84,0.5,-0.77,-0.85,0.46,0.05,0.97,-0.67,-0.1,0.58,0.31,0.27,0.2,0.68,0.51,-0.46,-0.03,
-0.08,-0.67,-0.38,0.49,-0.23,0.93,-0.88,0.38,-0.93,0.63,0.71,-0.75,0.07,0.25,-0.79,0.59,-0.73,-1,0.17,-0.37,-0.85,0.81,0.98,0.09,0.34,0.54,0.45,0.66,0.69,-0.31,0.71,0.91,0.72,0.69,0.17,
0.71,-0.38,0.11,-0.43,0.13,0.64,-0.06,-0.83,0.97,-0.03,0.73,0.93,-0.62,0.68,-0.83,-0.68,0.28,-0.15,0.71,0.79,0.87,0.93,0.95,-0.8,-0.89,0,0.87,0.61,-0.51,-0.6,-0.95,-0.13,0.7,0.64,0.98,
0.04,-0.85,-0.86,-0.61,-0.89,-0.39,0.89,0.62,-0.01,0.97,0.25,0.14,0.7,0.66,-0.4,0.58,-0.76,-0.98,-0.15,-0.77,0.34,-0.05,-0.33,-0.28,0.76,0.11,-0.28,0.02,-0.81,-0.1,-0.22,0.59,-0.33,0.62,0.18,
-0.28,-0.75,0.51,0.28,0.54,0.7,0,-0.66,-0.64,0.55,0.06,0.56,0.27,0.07,-0.49,0.15,0.82,0.54,0.22,0.16,-0.48,0.29,0.93,0.32,0.23,-0.58,0.07,-0.31,0.22,-0.82,-0.09,-0.08,-0.62,-0.57,0.41,
-0.43,-0.63,0.67,-0.08,0.19,-0.29,0.85,0.71,-0.8,0.17,0.02,-0.21,-0.57,-0.45,0.49,-0.72,0.92,0.44,-0.41,0.36,0.72,-0.23,-0.74,-0.39,-0.26,-0.94,-0.41,-0.09,0.36,-0.08,0.29,0.33,0.62,-0.08,0.76,
-0.01,0.23,-0.58,-0.94,-0.84,0.1,-0.74,-0.91,-0.55,-0.87,-0.02,-0.27,0.17,-0.21,0.56,-0.29,0.54,0.27,-0.57,0.26,-0.76,0.3,0.88,-0.12,0.61,-0.26,0.28,-0.08,-0.03,-0.43,-0.46,-0.85,0.3,-0.21,0.18,
-0.59,-0.65,0.12,0.39,-0.82,0.24,0.2,0.12,0.89,0.26,-0.67,0.19,-0.41,-0.83,-0.78,0.42,-0.01,-0.95,0.12,0.32,-0.04,-0.16,0.77,-0.18,0.16,-1,0.99,0.16,-0.72,0.46,-0.64,-0.26,-0.09,0.79,0.55,
0.38,0.23,0.1,-0.47,0.69,0.05,0.17,0.73,0.54,-0.51,0.39,-0.99,0.02,0.55,0.38,-0.33,0.65,-0.96,-0.06,0.74,0.63,0.99,-0.9,0.8,-0.7,-0.47,0.85,-0.37,0.59,-0.65,-0.28,0.35,0.59,0.72,-0.26,
-0.88,0.8,0.42,-0.73,-0.39,-0.23,-0.03,0.54,0.6,0.94,-0.23,0.28,-0.26,0.99,0.23,-0.62,0.13,0.86,-0.85,-0.77,0.6,0.71,-0.4,0.05,-0.49,-0.4,0.29,-0.02,-0.16,0.93,-0.57,-0.6,0.57,-0.66,0.95,
0.21,0.27,-0.13,-0.19,0.4,0.14,-0.09,-0.03,-0.2,0.18,0.07,0.33,0.8,0.94,0.13,-0.49,-0.61,0.39,-0.64,0.45,0.77,0.75,-0.9,-0.22,-0.91,0.05,0.93,-0.9,-0.2,-0.36,-0.09,-0.92,-0.39,-0.32,-0.2,
0.79,0.95,-0.99,0.12,-0.12,-0.76,0.19,0.85,-0.97,-0.68,0.36,-0.31,0.08,0.22,0.8,-0.52,0.94,0.2,-0.02,0.77,0.6,0.57,0.04,0.99,-0.92,0.46,0.96,-0.14,-0.3,0.13,0.56,-0.91,-0.38,0.98,-0.25,
0.14,0.37,-0.02,-0.31,0.2,0.63,-0.42,0.81,-0.03,0.92,-1,0.24,-0.12,0.61,-0.6,-0.31,-0.6,-0.98,0.9,-0.77,-0.58,0.34,0.1,-0.97,-0.41,-0.24,-0.97,0.26,0.14,0.95,0.41,0.13,0.28,0.4,0.65,
-0.05,0.21,0.12,-0.34,0.19,0.06,-0.74,0.69,-0.57,-0.72,-0.39,0.2,-0.76,0.84,0.37,-0.08,-0.93,0.46,0.78,0.88,0.55,0.95,0.06,-0.07,0.24,0.62,-0.27,0.03,-0.57,-0.73,-0.26,-0.76,0.27,0.23,0.67,
-0.84,0.99,-0.81,0.43,0.57,-0.19,-0.41,0.99,-0.36,-0.81,0.68,0.51,0.43,0.04,-0.12,0.58,0.16,0.73,0.18,-0.19,0.1,-0.08,-0.58,0.84,0.74,-0.19,0.55,-0.43,0.73,0.31,0.19,0.46,-0.48,-0.47,0.94,
0.85,-0.8,-0.14,0.01,-0.86,0.52,-0.39,-0.43,-0.33,0.91,-0.67,-0.24,-0.42,0.42,0.69,0.23,-1,-0.86,-0.21,-0.99,0.45,-0.03,0.94,0.35,-0.08,-0.25,-0.24,0.57,0.28,-0.37,-0.99,0.99,0.43,-0.13,0.37,
0.63,-0.66,0.84,0.12,-0.74,0.89,0.81,0.16,0.01,-0.15,-0.33,-0.3,-0.17,-0.93,-0.07,-0.63,0.44,-0.66,0.28,-0.29,-0.76,0.84,-0.1,0.38,-0.24,0.85,-0.77,0.78,-0.57,-0.83,0.8,-0.09,-0.87,0.87,0.76,
0.86,0.56,0.34,-0.77,0.43,0.48,0.75,0.69,-0.06,0.09,0.26,0.07,-0.46,0.67,0.57,0.08,0.2,-0.07,0.91,0.14,0.56,0.72,0.18,-0.47,-0.19,0.42,0.52,0.89,-0.63,-0.26,-0.74,-0.44,-0.8,0.67,0.97,
-0.37,-0.57,0.61,0.6,0.13,-0.61,0.86,0.26,0.44,0.85,-0.79,-0.82,0.87,-0.31,-0.85,0.44,0.07,-0.88,0.02,0.9,-0.42,-0.13,0.83,-0.97,0.36,0.64,-0.41,0.66,-0.28,0.66,-0.1,0.46,0.07,0.44,0.39,
0.69,-0.88,0.3,-0.91,0.82,-0.08,0.27,-0.18,0.76,-0.94,0.66,0.73,0.56,0.25,0.2,-0.9,-0.43,-0.08,-0.75,0.99,0.06,0.75,0.71,-0.93,0.52,-0.83,-0.69,0.25,0.02,0.33,0.5,0.7,0.53,-0.76,-0.93,
-0.89,-0.45,-0.29,-0.91,0.51,0.91,0.81,-0.89,-0.76,-0.18,0.28,-0.67,-0.37,-0.6,0.89,-0.18,0.25,0.42,0.6,-0.11,-0.53,0.18,-0.99,0.77,-0.83,-0.76,0.8,-0.72,-0.29,-0.04,-0.37,0.65,-1,0.44,-0.99,
0.64,-0.8,-0.53,-0.83,0.23,0.99,0.54,0.72,-0.61,-0.78,-0.5,-0.64,-0.03,0.06,0.66,0.09,-0.47,-0.33,-0.98,0.85,-0.82,0.18,0.52,-0.13,0.87,0.78,0.11,0.2,-0.14,0.91,-0.03,-0.66,0.31,0.68,-0.75,
-0.04,0.43,-0.33,-0.8,0.14,-0.02,-0.29,-0.37,-0.36,-0.07,-0.71,0.14,0.41,0.68,-0.26,0.64,0.78,-0.81,-0.48,-0.61,0.6,-0.65,0.54,0,-0.66,0.36,0.05,0.06,0.87,0.49,-0.96,-0.32,-0.16,0.99,0.08,
0.69,-0.28,-0.99,-0.51,-0.84,-0.09,-0.21,0.19,-0.66,0.04,-0.58,-0.64,-0.1,-0.66,-0.32,-0.19,-0.57,-0.3,0.88,0.52,-0.34,0.99,-0.64,0.73,0.72,-0.58,-0.75,-0.13,0.44,0.63,0.71,0.05,0.68,0.67,0.5,
-0.8,0.72,0.8,-0.77,0.76,0.19,0.82,-0.81,0.15,0.34,0.95,-0.95,-0.52,0.43,0.85,0.26,0.47,-0.3,-0.14,0.94,0.64,-0.22,-0.52,-0.92,0.06,-0.14,-0.37,0.22,0.55,-0.35,-0.12,0.43,-0.59,-0.09,0.79,
-0.95,-0.93,-0.27,-0.77,0.46,0.88,-0.92,0.16,-0.79,-0.69,-0.12,-0.59,0.69,0.08,0.7,-0.85,0.38,0.57,-0.52,-0.46,0.14,-0.95,-0.47,0.99,0.42,0.21,-0.47,-0.51,-0.15,0.92,-0.07,0.84,-0.03,-0.07,-0.94,
0.07,0.77,-0.02,0.5,0,0.97,0.18,0.44,-0.94,0.4,-0.42,0.49,-0.74,-0.89,0.69,0.55,0.7,0.27,0.83,0.33,0.3,0.01,0.8,0.31,-0.64,0.51,-0.6,0.95,0.07,0.22,-0.11,-0.84,0.46,-0.7,0.38,
-0.02,0.01,0.66,-0.29,0.18,0.12,-0.36,-0.54,-0.12,0.03,0.51,0.92,-0.54,-0.22,0.03,0.69,-0.94,0.7,0.6,-0.89,0.47,-0.69,0.51,0.14,0.4,0.08,-0.11,-0.08,-0.94,-0.48,0.62,0.99,0.79,-0.46,-0.22,
-0.45,0.63,0.59,-0.63,-0.2,0.94,0.82,0.4,0.93,-0.51,0.21,-0.67,-0.9,0.21,0.1,-0.05,-0.29,-0.7,0.16,0.31,0.97,-0.99,0.31,-0.38,-0.63,-0.76,-0.99,0.01,-0.77,0.54,0.11,-0.95,-0.84,0.09,-0.89,
0.23,0.19,-0.65,-0.53,-0.81,-0.55,0.01,-0.58,-0.86,0.79,-0.54,0.26,-0.26,-0.12,0.47,0.7,0.09,-0.34,0.76,-0.68,-0.43,0.01,0.99,0.05,0.43,0.14,-0.94,0.04,0.41,-0.98,0.02,0.33,-0.43,-0.48,-0.89,
-0.01,0.15,0.95,0.53,-0.17,0.1,0.07,0.15,-0.9,-0.2,0.01,0.14,-0.59,0.71,0.53,-0.72,0.56,-0.9,-0.65,0.7,-0.95,-0.13,0.3,0.19,-0.19,0.96,-0.63,-0.06,-0.49,0.45,0.58,0.79,0.52,-0.94,0.63,
0.65,-0.81,-0.11,-0.17,-0.42,-0.66,-0.82,0.51,-0.09,-0.59,-0.95,0.13,0.78,0.89,-0.92,-0.36,0.86,0.07,-0.3,-0.48,0.65,-0.9,-0.65,0.84,-0.49,-0.05,0.93,0.02,-0.74,0.35,-0.1,-0.53,0.77,-0.42,-0.45,
-0.5,0.3,-0.46,-0.52,0.57,0.83,0.46,-0.95,-0.74,-0.88,-0.96,-0.71,0.88,0.09,-0.47,0.32,-0.42,0.85,-0.33,-0.58,0.15,0.51,-0.77,0.14,0.79,0.68,-0.35,-0.11,0.81,0.74,0.04,0.84,0.77,0.15,0.42,
0.46,0.12,0.73,0.32,-0.98,0.98,-0.59,-0.1,0.99,-0.22,-0.87,0.45,-0.19,-0.24,-0.58,-0.15,-0.43,0.11,-0.18,0.97,-0.8,-0.62,-0.86,-0.32,0.05,0.41,-0.17,-0.71,-0.17,0.6,-0.06,-0.81,0.76,-0.21,-0.78,
0.43,-0.09,0.22,-0.27,0.49,0.67,-0.85,-0.51,-0.11,-0.71,0.62,-0.36,-0.94,0.68,0.56,-0.9,-0.93,-0.37,0.19,-0.65,-0.42,0.62,0.12,-0.19,0.05,0.69,-0.54,-0.26,-0.81,-0.1,-0.33,-0.99,-0.81,0.77,0.85,
-0.23,0.35,-0.32,-0.46,0.14,0.56,0.6,0.95,0.72,0.91,-0.14,-0.91,0.13,0.43,0.62,-0.15,-0.69,-0.75,0.74,-0.14,0.83,0.32,-0.42,-0.56,-0.76,0.27,-0.77,0.55,-0.7,-0.68,0.32,0.28,0.16,-0.85,0.92,
0.88,-0.53,0.13,-0.11,0.43,0.81,0.85,-0.23,-0.93,0.51,0.64,0.42,-0.76,0.63,0.47,-0.97,0.58,-0.79,-0.53,-0.3,0.85,0.74,0.12,-1,-0.68,0.01,0.9,0.95,0.86,0.82,-0.96,0.77,0.52,0.68,0.62,
-0.27,0.67,0.72,-0.58,0.55,0.89,0.86,-0.47,-0.72,-0.5,-0.14,-0.85,-0.97,0.37,-0.97,-0.84,-0.4,0.26,0.82,0.88,0.65,-0.74,0.91,-0.7,-0.2,0.49,-0.73,0.04,0.53,-0.09,0.42,-0.3,-0.28,0.87,-0.53,
0.72,-0.44,-0.96,-0.64,-0.64,-0.83,-0.36,0.52,-0.31,-0.24,0.66,0.14,-0.28,0.58,-0.9,0.36,0.89,-0.54,0.04,0.15,-0.46,-0.67,-0.35,0,0.62,0.98,-0.47,0.44,-0.31,0.1,-0.26,0.76,0.97,-0.94,-0.25,
0.88,-0.36,0.76,-0.07,0.37,0.65,-0.21,0.02,0.53,-0.52,-0.1,-0.22,-0.5,0.94,0.94,-0.89,0.05,-1,-0.93,-0.61,0.76,-0.26,0.12,-0.71,0.26,0.91,0.54,-0.71,-0.46,0.91,0.48,-0.01,0.79,0.21,-0.6,
-0.45,-0.18,0.75,0.55,0.04,-0.04,0.74,-0.43,0.54,0.66,-0.02,0.79,0.3,-0.98,-0.66,0.22,0.67,0.28,-0.12,0.53,-0.16,0.52,0.64,-0.62,0.07,0.38,0.05,-0.59,-0.88,-0.12,0.59,-0.2,0.9,-0.1,-0.81,
0.7,0.73,-0.04,0.48,-0.74,0.57,0.23,0.83,-0.13,0.18,0.25,0.58,-0.98,0.68,-0.81,0.32,-0.77,-0.11,0.35,-0.8,-0.36,0.89,0.79,-0.9,0.02,-0.07,-0.25,0.62,-0.59,0.63,-0.1,-0.99,0.38,-0.15,0.2,
0.29,-0.29,-0.04,0.54,-0.92,-0.37,-0.62,0.7,-0.98,0.75,0.55,0.77,0.82,-0.16,0.57,0.62,0.19,-0.59,0.78,-0.75,-0.08,-0.97,0.59,-0.24,-0.9,-0.33,0.98,-0.27,0.37,0.96,-0.77,0.76,0.8,0.35,-0.98,
0.86,0.49,-0.97,-0.01,-0.18,0.68,0.68,0.59,-0.1,0.66,0.82,-0.93,-0.02,0.89,0.45,-0.97,0.49,0.18,-0.04,0.69,0.72,0.2,-0.94,-0.94,-0.77,0.63,0.68,-0.57,0.52,0.27,0.93,-0.32,0.39,0.66,0.87,
-0.55,0.8,0.19,0.5,0.41,0.75,0.24,0.82,-0.68,-0.15,-0.77,-0.45,-0.52,-0.78,0.04,0.56,0.24,0.22,0.7,-0.9,-0.41,0.56,-0.05,-0.38,-0.9,0.85,-0.03,-0.38,-0.63,0.65,-0.33,0.5,0.63,0.28,-0.85,
-0.75,0.17,0.43,-0.51,-0.97,0.36,0.49,-0.89,0.89,-0.12,0.4,-0.82,-0.19,-0.37,0.98,-0.27,0.34,0.51,0.13,0.97,0.74,-0.72,-0.17,0.46,0.26,0.18,-0.91,0.4,0.49,-0.87,-0.3,-0.13,-0.35,0.9,-0.65,
-0.89,0.19,0.9,-0.1,0.46,-0.67,-0.08,-0.05,0.72,0.49,-0.65,-0.19,0.74,-0.65,0.99,0.33,-0.46,0.19,0.77,-0.64,-0.34,-0.6,0.02,0.1,0.93,-0.44,0.97,-0.05,0.29,-0.54,0.92,-0.51,-0.65,-0.12,0.78,
-0.18,0.49,-0.24,0.15,0.44,-0.7,0.29,0.28,-0.66,-0.85,-0.59,-0.86,0.44,-0.76,-0.34,-0.29,-0.22,0.77,-0.38,0.1,-0.63,0.78,0.67,-0.44,-0.98,0,-0.21,-0.55,-0.49,-0.42,-0.45,0.57,-0.13,-0.9,0.1,
-0.62,0.66,-0.27,-0.23,-0.31,-0.75,0.74,-0.84,-0.74,-0.57,0.89,-0.29,0.77,-0.44,0.03,0.18,-0.14,-0.15,0.35,0.62,-0.59,0.36,0.93,0.81,-0.74,-0.03,0.66,-0.48,-0.77,0.05,-0.17,-0.69,-0.32,0.05,-0.41,
-0.36,0.94,0.75,-0.43,0.28,-0.73,0.49,-0.57,0.74,0.57,-0.41,0.96,0.05,-0.71,-0.22,-0.51,0.77,-0.62,0.52,-0.7,0.04,0.38,0.69,0.29,-0.37,-0.21,-0.54,-0.45,-0.3,0.98,-0.66,0.01,-0.8,-0.52,-0.57,
-0.26,-0.2,-0.02,-0.54,0.96,-0.29,-0.81,0.89,0.44,0.91,0.96,0.68,-0.46,0.63,-0.53,-0.5,-0.96,0.04,0.38,-0.15,-0.03,0.91,-0.62,0.36,0.09,0.65,-0.17,0.52,0.92,-0.77,0.83,0.01,0.28,0.78,0.11,
0.11,-0.93,-0.91,0.81,0.92,0.63,-0.2,0.7,-0.96,0.68,0.61,0.73,0.1,-0.33,0.73,-0.87,-0.48,0.04,0.98,-0.48,-0.21,0.99,-0.5,0.32,-0.48,0.38,-0.58,-0.14,-0.3,-0.73,0,-0.75,-0.85,-0.17,-0.78,
-0.04,0.96,-0.94,-0.56,-0.12,0.93,-0.79,-0.01,0.92,-0.79,-0.89,0.03,-0.67,-0.61,0.33,-0.42,0.12,0.53,0.08,-0.3,0.13,0.24,0.65,-0.71,-0.06,-0.23,0.39,0.91,0.29,-0.06,-0.5,0.32,-0.37,0.68,0.19,
-0.42,0.81,-0.61,0.99,0.21,-0.77,-0.14,-0.47,-0.39,0.66,-0.23,-0.84,-0.96,0.86,0.52,-0.16,0.69,-0.83,0.86,0.11,-0.76,0.43,0.3,0.35,-0.66,0.98,0.09,0.79,-0.57,-0.53,0.88,-0.13,-0.97,-0.98,-0.61,
0.64,0.62,-0.73,-0.51,-0.53,-0.2,0.66,0.26,-0.35,-0.16,0.47,-0.89,0.75,-0.74,-0.07,0.17,-0.34,-0.82,-0.2,-0.87,-0.51,-0.85,-0.99,-0.18,0.58,-0.15,0.31,0.84,0.91,-0.05,-0.05,-0.12,-0.38,0.76,0.71,
-0.29,-0.89,-0.68,-0.22,0.07,0.44,-0.99,-0.57,0.47,-0.71,-0.73,0.8,0.9,0.01,-0.4,-0.43,0.91,0.84,0.24,-0.74,-1,-0.41,0.05,-0.35,-0.07,0.09,-0.46,0.95,0.7,0.88,-0.35,0.6,0.19,0.27,0.57,
