0.09,0.27,-0.66,0.94,0.53,0.93,-0.64,-0.41,-0.53,-0.54,0.19,0.05,0.14,0.19,0.27,-0.64,0.47,-0.42,-0.36,-0.85,0.7,-0.44,0.76,-0.15,-0.34,-0.02,0.99,0.12,-0.63,0.04,0.06,0.42,-0.21,0.71,0.21,-0.31,-0.61,0.48,-0.87,0.13,0.48,-0.08,-0.22,0.47,0.08,0.73,-0.48,-0.8,0.38,-0.67,
0.09,0.22,0.53,0.38,-0.46,0.86,-0.08,0.37,0.49,-0.53,-0.52,0.15,0.43,-0.99,0.65,-0.6,0.33,0.38,0.36,-0.78,-0.08,0.01,0.49,0.18,0.89,-0.68,0.71,-0.15,-0.82,-0.4,0.76,0.33,0.3,0.94,-0.22,0.01,0.91,0.2,0.34,0.03,0.82,0.97,0.25,0.21,-0.53,-0.11,0.24,-0.54,0.26,0.92,
0.33,0.01,0.28,-0.84,-0.66,0.62,0.54,0.45,0.11,-0.16,-0.13,-0.15,-0.41,0.83,0.36,0.68,-0.64,-0.58,-0.83,-0.82,-0.35,0.72,-0.66,-0.58,-0.09,-0.89,0.79,0.89,-0.38,0.65,-0.41,0.75,0.8,-0.42,-0.33,-0.42,0,-0.67,-0.86,0.25,-0.99,-0.49,-0.88,0.34,0.33,0.09,-0.29,-0.01,-0.28,-0.26,
0.5,-0.86,-0.64,-0.84,-0.2,0.83,0.31,-0.11,-0.17,-0.06,0.94,0.09,-0.38,0.29,0.91,0.5,-0.01,0.3,-0.82,-0.64,-0.91,-0.63,-0.28,-0.18,-0.03,0.2,0.18,-0.59,0.51,0.08,0.64,-0.41,0.96,-0.48,0.75,0.71,-0.02,0.48,0.23,-0.57,-0.77,-0.65,-0.83,0.18,0.33,0.79,0.42,0.43,-0.59,-0.19,
0.4,-0.26,0.55,0.68,0.49,0.53,0.97,0.63,0.8,-0.35,0.92,-0.01,-0.85,0.11,0.79,0.81,0.22,-0.23,0.34,0.52,0.09,-0.91,0.82,-0.47,-0.66,0.68,-0.59,0.12,-0.37,0.59,-0.71,0.98,0.63,-0.5,0.63,0.99,-0.78,0.29,0.94,-0.46,-0.67,0.43,0.45,0.35,-0.75,-0.48,-0.55,0.61,0.66,-0.3,
0.73,-0.97,0.93,-0.96,-0.35,-0.72,-0.71,0.63,-0.42,0.01,0.88,0.65,0.5,-0.58,-0.07,0.02,0.55,-0.02,0.73,-0.2,-0.86,0.62,0.65,0.62,0.72,-0.27,-0.1,-0.72,-0.75,-0.77,-0.34,0.82,0.66,0.67,0.01,0.3,-0.03,-0.85,-0.34,-0.2,0.92,0.17,0.08,0.44,-0.23,0.48,-0.15,-0.71,-0.83,0.6,
-0.18,0.36,-0.58,-0.06,0.1,0.78,0.27,-0.76,0.31,-0.38,0.02,0.03,0.98,0.18,0.71,-0.34,0.95,-0.31,-0.16,0.74,-0.5,-0.15,0.54,0.82,0.76,0.62,0.07,-0.07,-0.68,-0.69,0.42,-0.67,-0.81,0.35,0.82,-0.33,0.82,0.1,-0.89,0.24,0.32,0.3,-0.87,-0.81,-0.17,0.72,-0.18,-0.88,-0.73,-0.81,
-0.42,-0.58,-0.32,-0.49,0.94,0.76,-0.93,-0.98,0.5,-0.07,-0.2,0.07,-0.1,-0.38,-0.82,0.35,-0.1,0.69,-0.96,0.12,-0.12,0.67,-0.97,0.84,0.5,0.21,0.84,-0.18,-0.4,0.42,0.79,-0.38,-0.31,0.95,-0.2,0.47,-0.06,0.41,-0.59,0.92,0.1,0.39,0.48,-0.09,-0.08,0.43,0.11,-0.62,0.73,-0.05,
0.45,0.03,-0.39,0.03,0.54,-0.68,-0.44,0.69,-0.55,-0.94,0.05,-0.85,-0.07,-0.07,-0.81,-0.52,-0.69,0.07,0.43,-0.98,0.19,0.8,-0.95,0.28,0.01,0.11,0.5,-0.32,0.84,0.34,-0.36,-0.15,-0.81,-0.33,-0.65,0.72,0.84,0.93,-0.39,-0.32,-0.49,0.46,0.21,0.21,-0.91,0.92,0.66,0.62,0.04,0.65,
0.64,-0.19,0.03,0.26,0.77,0.31,0.14,-0.71,0.66,0.47,0.91,0.26,-0.56,0.48,-0.15,-0.79,0.87,0.75,0.58,-0.62,0.15,-0.43,0.69,-0.4,-0.56,0.29,0.89,0.5,0.48,-0.67,0.63,0.19,0.19,0.22,0.24,0.42,-0.16,-0.71,-0.25,0.74,0.49,-0.13,0.79,0.66,-0.85,-0.96,-0.56,0.79,0.95,-0.68,
-0.02,-0.48,0.55,0.53,0.43,-0.22,-0.51,-0.59,0.63,-0.19,0.97,0.32,0.53,-0.97,0.02,-0.39,-0.33,0.88,0.4,0.41,0.84,0.06,-0.25,-0.86,0.89,-0.46,-0.35,-0.24,0.46,0.9,0.39,0.58,0.59,0,-0.63,0.48,-0.06,0.27,-0.82,-0.19,0.86,-0.92,0.95,0.39,0.93,-0.2,-0.17,0.84,0.5,0.04,
-0.58,-0.72,0.86,0.53,-0.77,-0.2,0.24,0.74,-0.96,0.01,0.82,0.66,0.41,0.22,0.86,0.34,0.69,0.37,-0.79,-0.37,-0.39,0.28,-0.25,0.39,0.09,0.75,0.47,-0.22,0.96,-0.54,-0.16,-0.18,-0.55,0.21,0.68,0.72,0.79,-0.38,-0.2,0.58,0.58,0.82,-0.76,0.88,0.19,-0.49,0.57,-0.82,-0.53,-0.75,
-0.64,-0.87,-0.33,-0.13,0.4,-0.02,0.94,-1,0.59,-0.39,0.13,0.17,0.09,0.63,-0.45,0.33,-0.02,0.53,0.25,0.92,-0.83,-0.46,0.44,0.36,-0.11,0.66,-0.33,-0.34,-0.61,-0.99,-0.14,0.23,-0.72,-0.33,0.87,-0.46,-0.76,0.57,-0.41,0.49,0.5,0.89,0.48,-0.38,-0.74,-0.67,-0.06,0.76,0.21,0.53,
-0.14,-0.07,-0.44,0.26,0.3,-0.49,0.68,0.1,0.43,-0.94,-1,0.45,-0.77,0.52,0.31,-0.2,-0.85,0.8,-0.08,-0.95,-0.04,-0.37,-0.45,-0.46,-0.25,0.68,-0.02,0.98,-0.89,-0.59,-0.72,-0.71,-0.78,0.82,-0.88,0.18,-0.32,-0.46,-0.31,0.3,-0.89,-0.28,-0.35,0.64,0.46,-0.28,-0.4,0.08,0.09,-0.91,
-0.26,0.44,-0.11,0.57,-0.17,-0.52,-0.2,-0.89,-0.87,0.44,0.02,-0.75,-0.49,0,-0.39,0.95,-0.38,0.26,0.34,-0.18,-0.27,0,-0.59,-0.13,-0.11,-0.84,-0.37,-0.18,-0.32,0.04,0.34,-0.93,0.61,0.27,-0.63,-0.44,-0.43,0.31,0.13,-0.03,-0.4,-0.91,-0.13,-0.69,-0.61,-0.15,-0.34,0.95,-0.56,-0.37,
-0.13,-0.22,-0.57,0.94,0.36,0,-0.12,-0.85,0.34,-0.78,0.25,0.86,-0.42,-0.01,0.05,0.23,-0.07,-0.44,0.77,0.91,-0.37,-0.52,0.5,-0.93,0.01,-0.96,-0.53,0.38,0.43,0.34,-0.44,0.83,-0.91,-0.73,-0.81,-0.14,0.67,-0.85,-0.61,0.84,0.42,0.09,-0.54,-0.25,-0.51,-1,0.55,-0.18,-0.34,-0.72,
0.55,-0.16,-0.11,0.84,-0.09,0.08,0.7,-0.36,0.47,-0.9,0.94,0.57,0.3,-0.68,-0.34,0.52,-0.5,-0.21,-0.21,0.59,0.49,-0.02,0.53,0.99,-0.13,-0.81,0.14,0.47,0.5,-0.3,0.14,-0.16,-0.84,0.31,0.85,0.78,0.88,0.27,0.72,-0.67,-0.16,-0.15,-0.72,-0.36,0.84,-0.68,-0.89,-0.46,0.35,-0.55,
0.52,-0.47,-0.5,-0.85,0.89,-0.81,0.53,0.71,-0.69,-0.29,0.94,0.01,0.17,-0.91,0.27,0.86,0.49,-0.06,0.04,-0.04,-0.96,-0.5,-0.84,-0.57,0.56,-0.54,-0.96,-0.11,-0.17,-0.64,0.78,-0.12,-0.66,-0.6,-0.62,-0.94,0.23,-0.58,0.23,-0.59,0.1,-0.74,-0.12,-0.91,0.09,0.63,-1,-0.65,0.82,0.87,
0.99,0.27,-0.18,-0.83,-0.18,0,-0.4,0.2,-0.3,-0.74,-0.56,0.47,-0.01,-0.6,-0.88,0.53,0.38,-0.05,-0.18,-0.56,0.57,-0.85,0.36,0.88,-0.13,0.36,0.76,0.13,0.96,-0.4,0.88,0.37,-0.75,-0.16,-0.23,0.19,-0.37,0.04,0.22,0.57,-0.48,0.46,-0.96,0.39,0.63,-0.95,0.76,0.52,0.33,-0.5,
0.8,0.44,0.6,-0.97,-0.07,0.26,-0.85,0.8,-0.76,0.32,-0.18,0.83,0.75,0.14,0.35,0.11,-0.53,-0.25,0.85,0.99,-0.68,-0.78,-0.44,-0.65,0.96,-0.25,0.77,-0.85,-0.16,0.16,0.36,0.59,-0.85,0.66,0.79,0.19,-0.64,-0.68,0.21,-0.48,-0.89,-0.96,0.06,0.14,-0.13,-0.57,0.36,0.04,0.98,0.82,
0.51,-0.03,-0.56,-0.34,0.77,0.64,0.4,0.56,-0.38,0.34,-0.03,-0.15,0.22,-0.78,-0.24,0.11,0.74,0.06,0.27,0.21,0.47,0.44,-0.19,-0.52,-0.39,-0.93,-0.97,-0.21,0.01,-0.29,0.63,0.43,0.13,0.1,-0.14,0.7,-0.28,0.49,0.08,0.89,-0.2,0.62,-0.54,0.24,-0.73,0.59,-0.65,-0.49,0.86,0.07,
0.24,-0.66,0.68,-0.68,-0.64,0.6,-0.5,-0.95,0.4,-0.72,0.97,-0.64,0.58,0.35,-0.04,-0.54,-0.76,0.34,-0.72,0.9,0.23,0.27,0.77,0.96,-0.31,-0.83,0.79,-0.65,-0.16,-0.99,-0.38,0,-0.4,-0.34,0.49,0.08,-0.73,-0.87,0.53,0.24,-0.82,0.54,0.84,0.43,0.82,0.42,-0.25,0.14,0.21,-0.15,
-0.07,0.03,-0.33,-0.43,-0.27,0.62,-0.64,-0.57,-0.25,-0.36,0.35,-0.18,-0.02,0.56,0.03,-0.26,-0.48,-0.24,0.57,-0.85,-0.34,0.39,-0.39,-0.5,0.18,-0.19,-0.39,0.55,0.31,-0.12,-0.2,-0.28,0.07,0.52,-0.66,-0.88,0.99,0.57,-0.79,0.39,-0.02,0.11,0.87,-0.79,0.66,-0.49,0.57,0.7,0.32,0.28,
-0.49,-0.15,-0.06,0.64,-0.07,-0.4,0.52,0.2,0.69,0.74,0.26,-0.58,0.74,0.02,0.11,0.85,0.77,-0.05,-0.33,0.74,0.02,0.61,-0.36,-0.75,0.93,0.23,-0.49,-0.43,0.97,0.53,0.09,-1,-0.79,-0.2,-0.16,0.74,0.77,0.91,0.65,0.82,-0.33,0.04,0.34,-0.54,0.47,-0.6,-1,0.62,-1,0.55,
0.97,0.39,0.92,-0.08,0.18,0.64,-0.43,0.95,-0.52,-0.54,-0.68,0.19,-0.04,0.81,0.31,0.67,0.65,0.78,0.46,-0.32,-0.39,0.05,0.71,0.93,-0.25,-0.62,0.43,0.73,-0.29,0.64,-0.06,-0.92,0.57,-0.22,-0.58,0.72,0.95,-0.9,0.71,0.9,0.66,0.54,-0.22,0.17,0.64,-0.95,0.64,0.87,0.44,0.5,
0.36,0.46,0.13,0.07,-0.83,0.28,-0.25,-0.12,0.45,0.82,-0.58,0.17,-0.63,0.49,-0.4,-0.54,0.74,-0.66,-0.37,0.53,-0.21,0.32,-0.8,0.17,0.51,0.55,0.86,-0.43,-0.75,-0.48,-0.31,0.63,-0.49,-0.34,-0.52,0.54,0.57,-0.3,0.76,0.34,0.7,-0.66,0.31,-0.38,-0.09,-0.89,0.94,-0.02,-0.9,0.98,
-0.17,0.71,-0.88,-0.48,-0.58,0.04,0.71,-0.36,-0.44,0.38,0.71,-0.51,-0.96,-0.11,-0.01,-0.73,-0.74,-1,0.66,0.55,-0.35,-0.93,-0.25,-0.42,-0.5,0.6,-0.59,0.69,0.25,-0.4,0.75,0.75,0.1,-0.45,0.23,-0.77,-0.6,-0.51,0.94,0.01,0.68,0.98,0.44,-0.26,-0.78,-1,0.59,0.9,0.99,-0.24,
-0.95,0.9,-0.29,-0.25,-0.5,-0.3,-0.31,-0.83,-0.45,-0.28,0.03,-0.17,-0.31,0.02,0.6,-0.55,0.8,0.56,0.67,-0.83,0.79,0.78,-0.26,0.67,-0.92,-0.04,-0.58,-0.99,0.13,-0.33,-0.52,-0.7,0.22,-0.05,0.37,0.38,-0.77,-0.87,0.58,0.55,0.25,0.44,-0.85,-0.13,0.56,0.06,0.14,0.96,0.75,0.72,
-0.46,-0.91,0.91,-0.7,0.88,-0.73,-0.87,-0.09,0.92,-0.42,0.43,0.29,-0.15,0.58,0.17,0.91,0.83,-0.08,-0.08,0.52,-0.55,0.81,-0.74,0.12,0.66,-0.76,0.71,-0.96,-0.58,-0.86,-0.48,0.66,-0.23,0.19,-0.06,0.53,-0.12,-0.24,-0.07,-0.9,-0.19,0.41,0.06,-0.6,-0.24,0.4,-0.22,-0.22,-0.27,0.69,
0.91,0.74,0.52,-0.86,0.2,-0.2,-0.33,-0.54,0.88,-0.97,-0.17,0.86,0.07,0.07,0.89,-0.87,0.92,0.32,-0.23,-0.11,-0.26,0.42,-0.72,-0.52,-0.1,0.54,0.91,-0.28,0.08,-0.41,0.84,-0.35,-0.42,-0.04,-0.67,0.92,0.57,0.93,-0.22,-0.99,0.81,0.68,0.3,-0.52,0.23,-0.65,0.57,0.85,0.89,-0.93,
0.88,0.3,0.62,-0.13,-0.03,0.49,0.9,-0.88,-0.79,0.3,0.36,-0.85,0.71,0.4,0.31,-0.14,0.67,-0.34,0.06,0.71,0.35,-0.27,-0.69,0.23,-0.91,0.21,-0.31,0.01,0.57,0.65,-0.72,0.13,0.16,-0.93,-0.47,0.48,-0.35,0.39,0.36,0.53,-0.78,-0.26,-0.58,-0.03,-0.33,0.22,0.22,-0.93,0.63,-0.96,
-0.46,-0.95,0.19,0.75,-0.82,0.47,-0.29,-0.33,0.37,-0.74,0.1,0.76,0.18,0.71,0.49,0.11,0.97,0.73,-0.17,-0.5,-0.38,-0.69,-0.89,-0.2,-0.42,-0.66,-0.54,0.71,0.45,-0.25,0.56,-0.78,0.79,0.28,0.57,0.53,-0.07,0.77,0.32,-0.93,0.67,0.77,0.5,0.46,-0.89,0.96,0.36,-0.47,0.29,0.47,
0.19,-0.91,0.37,-0.38,0.31,-0.96,0.04,-0.74,0.03,0.12,-0.86,-0.33,-0.58,0.2,-0.93,0.47,0.53,-0.12,0.46,0.4,-0.99,-0.63,-0.78,0.23,-0.44,-0.01,0.23,0.25,0.23,-0.78,0.68,0.66,0.81,-0.18,-0.99,-0.45,0.91,-0.45,-0.17,-0.52,0.31,0.35,-0.49,0.51,0.49,0.46,-0.81,0.43,0.56,0.57,
0.67,-0.79,-0.55,-0.94,0.52,0.43,-0.19,-0.42,0.42,-0.46,-0.84,0.55,-0.09,0.97,0.58,-0.4,-0.71,0.38,0.57,0.19,0.57,0.48,0.48,0.3,0.1,0.82,0.98,-0.72,0.19,-0.96,0.25,-0.3,0.17,0.63,-0.68,0.44,0.23,0.9,0.95,0.13,-0.41,0.02,0.51,-0.24,-0.1,-0.19,-0.51,-0.29,0.35,0.66,
0.91,0.02,-0.32,0.52,-0.59,0.19,0.52,-0.91,-0.64,-0.85,-0.41,-0.75,-0.32,-0.63,-0.4,0.99,0.55,-0.71,0.6,-0.77,-0.23,0.52,-0.32,-0.23,-0.77,0.53,0.49,-0.99,0.99,0.39,0.33,-0.16,-0.15,-0.1,-0.83,0.85,-0.9,-0.76,0.36,0.03,-0.93,-0.35,-0.53,0.11,-0.34,-0.68,0.95,0.85,0.01,0.55,
0.03,-0.89,-0.84,-0.71,0.99,0.48,-0.12,0.06,-0.01,-0.54,-0.37,-0.76,0.44,-0.41,-0.79,-0.15,0.87,0.22,0.03,0.95,-0.68,0.93,-0.84,-0.09,-0.58,-0.31,0.82,0.29,0.96,0.68,-0.14,-0.32,-0.21,-0.74,0.14,0.29,-0.15,0.39,-0.66,-0.28,-0.71,-0.84,-0.91,-0.53,-0.12,-0.8,-0.83,0.73,-0.16,0.05,
0.13,0.54,-0.62,0.99,-0.7,-0.14,-0.06,-0.17,-0.12,0.35,0.33,-0.8,-0.45,0.58,0.7,-0.49,-0.47,-0.64,0.98,-0.03,0.74,-0.35,0.8,-0.22,0.81,-0.7,0.57,-0.86,0.13,-0.8,0.3,-0.46,-0.6,-0.48,-0.73,-0.04,-0.58,-0.12,-0.99,0.15,0.69,0.53,0.51,-0.29,-0.21,-0.33,-0.22,0.75,-0.11,-0.3,
-0.91,-0.05,0.15,-0.13,0.1,0.12,0.72,-0.38,-0.54,-0.82,-0.57,-0.59,-0.94,0.62,0.62,0.05,-0.93,-0.8,-0.26,-0.41,-0.16,-0.73,0.2,-0.11,0.3,-0.3,0.26,0.86,0.88,-0.39,-0.07,-0.52,-0.37,0.97,0.29,-0.84,0.31,0.03,-0.87,-0.04,-0.48,0.28,-0.59,-0.64,-0.28,-0.72,-0.91,0.61,-0.1,0.97,
-0.2,0.01,-0.86,-0.09,0.17,-0.22,0.18,0.32,-0.07,0.87,-0.24,-0.22,0.45,-0.2,-0.27,0.53,-0.19,-0.46,-0.87,0.79,0.2,-0.82,0.12,0.67,-0.34,0.17,-0.52,0.26,0.16,-0.64,0.56,-0.28,-0.65,-0.28,0.21,0.88,0.76,-0.76,-0.66,0.18,-0.33,0.58,0.02,0.37,-0.63,0.52,-0.15,0.1,0.62,0.12,
0.06,0.39,0.18,-0.86,0.28,-0.21,-0.29,0.47,-0.62,-0.63,0.32,-0.58,0.56,-0.12,0.16,-0.25,0.47,-0.94,0.3,0.91,0.36,0.59,-1,-0.97,0.77,0.91,-0.26,0.74,0.87,-0.98,-0.4,0.17,-0.16,-0.44,0.74,-0.02,0.4,-0.98,-0.61,-0.27,0.61,-0.16,-0.52,-0.73,-0.57,0.06,0.22,-0.71,-0.07,0.04,
-0.82,0.15,-0.86,0.33,0.72,-0.58,-0.29,-0.68,-0.61,-0.4,0.01,-0.46,0.59,-0.85,0.05,0.14,0.36,-0.12,-0.06,-0.7,0.46,-0.8,-0.02,0.6,0.36,0.35,-0.91,-0.19,-0.15,0.04,0.43,0.86,-0.03,-0.39,0.65,0.12,0.92,-0.57,0.02,0.23,0.56,0.21,0.85,-0.19,-0.32,0.33,-0.19,-1,0.65,0.99,
-0.32,0.47,-0.36,0.65,-0.91,0.72,-0.88,0.1,-0.86,0.23,-0.38,-0.81,0.05,0.26,-0.38,-0.41,-0.47,0.62,0.95,0.9,0.75,-0.6,-0.67,0.64,0.37,-0.08,-0.74,0.11,-0.22,-0.58,-0.72,0.1,-0.21,0.94,0.94,0,-0.22,-0.06,-0.63,0.28,0.86,0.68,0.72,-0.3,-0.98,-0.58,-0.11,0.74,-0.87,-1,
-0.22,-0.17,-0.83,-0.36,0.51,0.03,-0.17,-0.86,-0.98,0.09,-0.85,0.13,-0.23,0.03,-0.85,0.7,-0.69,-0.35,-0.59,0.1,-0.5,0.98,-0.4,-0.9,-0.37,-0.91,0.48,-0.78,-0.34,0.66,0.83,0.73,0.67,0.39,0.42,0.15,0.73,-0.59,-0.04,-0.28,0.55,0.67,0.95,-0.79,0.69,-0.11,0.32,0.32,-0.05,-0.15,
0.53,-0.87,-0.33,0.26,-0.94,-0.38,0.43,0,-0.95,0.31,0.94,0.32,0.37,-0.54,-0.52,-0.48,-0.88,-0.43,0.72,0.54,0.43,-0.59,0.09,-0.95,-0.57,-0.15,0.1,-0.56,-0.78,0.28,0.07,-0.7,-0.76,-0.65,0.85,0.86,-0.06,0.34,-0.15,-0.77,0.58,-0.92,-0.2,-0.7,0.88,0.5,0.05,0.03,0.17,-0.12,
0.63,0.14,-0.98,-0.42,-0.52,-0.36,-0.29,0.3,0.83,0.12,0.8,-0.07,0.78,0.89,0.8,-0.85,-0.57,-0.84,-0.31,-0.1,0.2,-0.25,-0.21,0.98,0.48,-0.78,-0.52,0.95,0.44,0.89,-0.77,0.55,-0.9,0.93,-0.53,-0.49,-0.47,-0.06,0.43,0.55,-0.51,0.01,-0.6,0.24,0.48,-0.01,-0.62,-0.66,-0.75,0.22,
-0.26,-0.82,-0.6,-0.7,-0.77,-0.79,0.99,0.31,0.01,0.25,-0.61,0.89,-0.42,-0.92,0.53,-0.05,0.27,-0.65,0.63,0.68,-0.58,-0.99,-0.86,0.87,0.36,-0.96,0.54,-0.21,0.98,-0.89,-0.72,-0.62,0.27,-0.71,0.34,0.85,-0.28,-0.64,0.76,0.8,-0.66,-0.31,0.9,0.58,0.68,0.04,0.77,-0.8,-0.74,-0.49,
-0.17,0.35,0.05,0.79,-0.39,-0.26,0.73,-0.22,-0.09,0.28,0.15,-0.57,-0.09,0.34,0.78,-0.73,0.53,0.17,0.84,-0.56,0.03,-0.73,-0.28,-0.49,0.55,-0.9,-0.52,-0.26,0.13,-0.59,-0.36,-0.02,0.39,-0.03,0.25,0.47,-0.14,0.71,-0.06,0.45,0.51,-0.68,0.98,-0.03,-0.3,0.13,-0.16,-0.95,-0.26,-0.52,
-0.2,-0.8,0.8,0.27,-0.61,-0.54,0.92,0.68,-0.83,0.9,-0.98,-0.8,0.28,-0.03,-0.07,0.35,-0.24,-0.7,0.62,0.8,-0.23,-0.7,-0.45,0.9,-0.6,0.82,0.26,-0.29,0.01,0.47,0.67,0.88,0.28,-0.87,0.2,-0.68,0.67,0.59,-0.16,-0.61,-0.88,0.34,0.62,0.26,0.48,-0.05,-0.04,-0.5,-0.14,-0.7,
-0.92,-0.62,0.68,0.81,-0.5,-0.18,-0.45,-0.5,-0.99,0.44,0.57,0.96,0.7,0.91,0.52,0.11,0.14,-0.7,-0.12,0.49,0.44,0.45,-0.43,0.91,-0.41,0.92,-0.82,-0.71,0.65,0.21,-0.23,-0.73,0.2,-0.18,0.2,0.01,0.44,0.71,-0.57,0.56,-0.5,0.96,-0.48,-0.51,-0.58,0.63,0.27,0.45,-0.01,0.05,
0.38,-0.67,-0.57,0.25,-0.04,0.56,-0.63,-0.2,0.39,-0.41,-0.25,-0.57,-0.53,0,0.07,-0.22,-0.79,-0.13,-0.91,0.07,0.58,0.64,-0.3,0.55,-0.83,0.29,0.44,0.59,0.51,-0.17,0.86,-0.91,0.56,0.87,-0.15,-0.33,0.92,0.63,-0.54,-0.12,0.11,0.04,-0.02,0.3,-0.46,-0.9,0.2,0.96,0.27,-0.74,
-0.22,-0.19,-0.94,0.16,-0.61,-0.47,0.57,0.17,0.23,0.47,-0.3,-0.94,0.35,0.58,0.83,-0.58,-0.7,0.71,0.94,-0.8,-0.12,0.1,0.73,-0.95,-0.01,-0.23,-0.28,-0.79,-0.77,-0.01,0.97,-0.05,0.1,0.74,0.49,0.54,-0.24,-0.5,-0.2,0.16,0.95,-0.86,0.89,-0.02,0.14,-1,-0.01,-0.14,-0.61,0.25,
-0.94,0.12,0.07,0.08,0.35,0.61,-0.95,-0.08,0.97,-0.65,0.61,0.54,-0.35,-0.39,0.94,0.76,-0.35,0.98,0.81,-0.26,0.62,-0.13,-0.99,-0.74,-0.73,0.18,0.4,0.51,0.52,-0.68,-0.37,0.3,-0.16,-0.05,-0.79,-0.59,-0.25,-0.71,0.04,0.67,-0.21,0.03,0.17,0.23,0.61,0.17,-0.19,-0.04,-0.81,0.45,
-0.01,0.17,-0.17,0.5,-0.57,0.34,0.62,0.31,-0.96,0.23,-0.39,0.2,0.83,-1,-0.96,-0.36,-1,-0.31,-0.58,-0.44,0.48,0.1,-0.47,0.75,-0.41,-0.95,0.9,-0.22,0.47,0.26,0.3,-0.42,-0.15,0.72,-0.74,0.12,-0.8,0.38,-0.12,0.12,0.79,0.97,0.8,0.41,0.73,-1,-0.38,-0.72,0.87,0.84,
-0.48,0.15,-0.18,0.13,-0.3,-0.88,0.96,0.92,-0.44,-0.83,-0.68,0.7,-0.28,-0.18,0.4,-0.39,0.77,0.42,-0.11,0.18,-0.14,0.42,0.11,0.15,-0.01,-0.52,0.39,0.14,0.05,0.94,-0.29,-0.26,0.61,0.97,0.77,0.12,-0.57,0.17,0.5,0.8,-0.61,-0.7,0.37,-0.79,-0.97,-0.67,-0.94,-0.58,0.26,0.27,
0.72,0.71,0.24,0.09,0.62,-0.77,0.15,0.84,0.45,0.03,-0.3,-0.49,0.55,0.95,-0.76,0.91,0.38,0.31,0.96,0.63,-0.8,0.61,0.46,0.72,-0.07,-0.87,-0.32,-0.7,0.09,0.37,-0.02,-0.16,-0.16,0.75,-0.42,0.4,0.72,-0.05,0.56,-0.54,0.5,-0.87,-0.55,0.91,-0.85,-0.97,0.39,-0.27,0.24,0.38,
0.13,0.33,-0.17,-0.05,-0.02,0.56,0.88,0,-0.33,0.06,0.84,0,0.56,-0.16,-0.99,-0.41,0.92,0.07,0.55,0.41,0.58,0.94,-0.9,-0.94,-0.94,0.49,-0.25,0.86,-1,-0.58,0.59,-0.46,-0.43,-0.16,-0.71,-0.62,0.43,0.81,0.43,0.52,-0.52,0.32,0.44,-0.51,0.98,-0.44,0.96,0.68,0.89,-0.48,
-0.91,-0.68,-0.12,0.39,0.73,-0.75,0.13,-0.71,-0.6,0.6,0.76,-0.09,0.31,-0.87,-0.47,-0.21,0.93,-0.86,-0.27,-0.92,-0.31,0.87,-0.82,0.17,-0.56,0.06,0.26,0.51,0,-0.08,0.63,-0.08,-0.63,0.43,0.23,0.22,0.83,-0.39,-0.87,0.84,-0.79,-0.87,-0.66,0.31,0.53,-0.67,-0.94,-0.76,0.51,-0.52,
0.44,-0.8,0.42,0.72,-0.65,0.48,0.56,-0.46,-0.55,-0.5,0.77,-0.92,0.12,-0.46,0.92,-0.88,-0.6,0.02,-0.19,0.24,0.08,0.34,-0.89,0.29,0.52,0.39,-1,0.12,-0.58,-0.72,-0.04,0.22,-0.49,-0.74,-0.33,0.87,-0.59,-0.82,-0.75,-0.23,0.63,-0.83,0.8,0.73,0.57,-1,0.37,0.42,0.48,0.99,
-0.01,-0.63,-0.48,0.42,0.76,0.89,0.68,-0.26,-0.92,0,-0.59,-0.55,-0.73,-0.39,-0.4,0.22,0.38,0.99,-0.31,0.59,0.78,-0.77,0.92,-0.89,-0.72,0.94,0.37,0.38,0.44,-0.95,-0.34,0.59,-0.01,-0.28,-0.14,0.45,0.34,0.43,0.31,-0.43,-0.9,-0.41,-0.63,-0.33,0.92,-0.18,0.37,0.63,0.18,0.22,
0.67,0.46,0.83,0.4,-0.88,-0.19,-0.67,0.9,-0.86,-0.87,0.34,-0.67,-0.19,0.8,0.07,0.17,0.69,-0.45,-0.55,0.37,-0.11,0.68,0.96,-0.29,0.48,-0.39,-0.84,0.03,-0.81,-0.7,0.24,-0.81,-0.94,-0.08,-0.76,-0.24,0.74,-0.34,-0.64,-0.33,-0.02,-0.19,0.69,0.62,0.12,-0.14,0.7,-0.56,-0.85,-0.45,
-0.25,0.85,0.62,-0.62,-0.43,-0.37,-0.84,-0.64,-0.66,0.1,-0.5,-0.42,0.42,-0.34,-0.88,-0.8,0.26,0.75,-0.69,-0.37,-0.64,0.12,-0.78,0.01,-0.09,0.92,0.52,-0.38,0.05,-0.95,0.58,0.37,-0.58,-0.99,-0.62,-0.73,0.74,0.47,-0.37,-0.29,0.26,0.49,-0.31,-0.92,0.47,0.59,0.91,-0.41,0.6,0.17,
0.75,0.6,-0.35,-0.07,0.38,-0.91,0.88,0.55,-0.67,-0.56,0.5,0.68,0.83,0.34,-0.59,0.92,-0.24,0.85,0.57,0.15,-0.99,-0.77,-0.47,-0.3,-0.07,-0.69,-0.88,-0.25,-0.6,0.12,0.43,-0.54,0.66,0,0.16,0.94,-0.14,-0.85,0.23,0.15,-0.17,-0.05,-0.56,0.17,0.3,-0.78,-0.91,-0.63,-0.63,0.17,
-0.87,0.42,-1,0.88,0.5,-0.12,0.39,0.68,0.35,-0.64,0.43,0.88,-0.99,0.7,0,-0.49,-0.97,0.82,-0.43,0.32,-0.28,0.37,-0.62,0.04,-0.52,-0.8,0.59,0.44,0.61,0.46,0.54,0.22,0.75,-0.46,0.07,0.01,-0.99,0.47,0.25,0.86,-0.22,-0.81,-0.64,-0.93,-0.6,-0.66,0.76,0.74,-0.19,0.4,
-0.71,0.87,0.23,0.47,0.37,-0.86,0.56,0.57,-0.86,0.25,0.61,0.58,0.92,-0.46,0.7,-0.41,0.29,0.07,-0.69,0.59,0.4,0.74,-0.35,-0.2,-0.94,0.92,-0.88,0.4,0.31,-0.15,-0.81,-0.03,-1,-0.9,-0.23,-0.26,-0.47,-0.74,-0.13,0.61,-0.38,0.24,0.14,-0.19,-0.74,-0.11,-0.78,-0.57,0.23,0.25,
0.11,-0.64,0.11,-0.88,-0.54,0.24,-0.38,-0.93,-0.56,-0.34,-0.95,0.91,-0.09,0.02,0.55,0.05,0.41,-0.53,0.3,-0.33,-0.11,0.1,0.2,-0.22,-0.98,0.87,-0.05,0,0.15,0.11,-0.67,-0.56,-0.75,0.54,0.68,0.71,0.67,-0.63,-0.32,-0.71,-0.92,0.14,-0.94,0.89,0.28,-0.17,0.98,-0.83,0.39,-0.11,
0.52,0.86,-0.25,0.02,-0.72,0.3,0.24,0.48,0.42,0.11,0.3,0.51,-0.41,0.99,0.01,0.21,0.09,-0.88,-0.64,-0.07,0.04,-0.98,-0.76,0.58,-0.86,0.34,-0.1,0.52,0.52,-0.98,0.04,0.27,0.99,0.9,-0.88,0.11,0.78,-0.35,-0.15,0,-0.84,0.05,-0.26,-0.01,-0.52,-0.05,-0.56,0.45,0.03,-0.78,
0.87,-0.26,0.06,0.81,-0.8,0.64,-0.23,0.07,-0.66,-0.3,0.31,-0.17,0.47,-0.17,0.26,0.76,-0.64,-0.33,0.46,0.39,-0.29,0.47,0.65,-0.09,0.47,0.4,-0.26,0.79,-0.63,-0.34,-0.78,-0.58,0.5,0.5,-0.74,0.27,-0.95,-0.62,0.46,0.08,-0.61,-0.89,-0.39,-0.71,-0.08,0.48,0.91,-0.68,0.4,0.45,
0.31,0.51,0.45,-0.42,-0.55,0,0.82,-0.6,0.91,0.4,0.76,0.24,-0.26,-0.6,-0.47,0.04,-0.93,0.76,-0.01,0.79,0.1,-0.68,0.53,-0.99,-0.05,-0.53,0.4,-0.91,0.52,-0.63,0.79,0.68,0.5,0.74,-0.17,-0.69,0.43,-0.47,0.7,-0.83,0.44,0.06,-0.3,-0.44,0.7,-0.62,-0.22,0.36,-0.58,0.03,
-0.72,0.87,0.61,-0.37,-0.19,-0.86,-0.99,0.54,-0.99,0.88,0.06,0.28,0.05,0.78,-0.25,0.19,0.02,-0.33,0.89,0.65,-0.37,0.33,-0.72,-0.88,0.02,0.64,0.59,0.19,-0.25,0.57,0.47,0.24,0.06,-0.38,-0.73,-0.57,-0.78,0.08,0.71,-0.62,-0.62,-0.96,-0.8,0.28,-0.06,0.98,0.94,-0.25,0.69,0.99,
0.09,-0.95,-0.22,-0.94,-0.39,-0.33,0.69,0.85,-0.75,-0.11,0.87,0.69,0.54,-0.36,0.16,-0.32,-0.97,0.69,-0.6,-0.83,-0.88,0.62,-0.2,-0.91,-0.04,0.58,0.23,0.32,0.87,-0.99,-0.08,-0.11,0.04,0.01,0.58,0.63,0.45,-0.78,-0.23,-0.12,-0.44,0.09,0.51,0.15,0.83,0.87,-0.41,-0.31,-0.73,0.32,
-0.76,0.67,-0.78,-0.7,0.45,0.87,0.72,-0.74,0.91,0,0.82,-0.34,-0.76,-0.65,0.42,-0.96,-0.29,0.15,0.7,0.34,0.8,-0.6,0.08,-0.02,0.66,-0.41,-0.59,0.32,0.41,0.61,-0.67,0.78,-0.39,0.25,-0.85,0.87,-0.44,0.22,-0.43,-0.73,0.95,-0.94,0.3,-0.54,0,0.32,-0.38,0.54,0.86,0.92,
0.1,-0.66,0.09,0.04,0.09,0.69,-0.76,-0.91,-0.11,-0.88,-0.79,0.04,-0.7,-0.89,-0.37,-0.57,-0.04,0.85,0.49,-0.06,0.99,0.85,0.58,-0.98,-0.68,0.56,0.6,0.07,-0.26,0.52,-0.38,0.69,-0.38,0.95,-0.59,-0.18,0.54,0.21,0.49,-0.07,-0.29,-0.9,-0.04,0.94,0.94,0.92,-0.29,0.21,-0.84,-0.85,
-0.59,0.2,0.1,-0.87,0.68,0.2,-0.2,-0.8,-0.39,0.54,0.2,-0.78,0.55,-0.94,-0.27,-0.03,0.27,-0.31,-0.88,0.79,0.58,0.2,0.55,0.91,0.76,-0.77,-0.95,-0.28,0.87,-0.21,0.21,-0.22,0.23,-0.22,-0.22,0.83,0.05,0.13,0.14,0.36,0.7,-0.68,0.85,-0.88,0.13,0.11,0.13,-0.09,0.67,0.29,
-0.81,-0.05,0.94,-0.2,0.25,-0.81,-0.16,0.84,-0.54,0.97,-0.22,-0.87,0.69,-0.55,-0.32,-0.19,-0.14,-0.78,-0.9,-0.57,0.65,-0.95,-0.37,0.33,-0.15,-0.12,0.85,0.72,-0.64,0.06,0.38,0.89,-0.85,-0.96,-0.03,-0.22,0.88,-0.63,-0.8,0.31,-0.3,0.96,0.01,0.71,0.77,0.01,0.22,-0.58,-0.37,0.79,
0.22,0.59,0.15,-0.22,0.64,0.45,0.07,-0.15,-0.58,-0.71,-0.17,0.09,0.27,-0.89,-0.92,0.06,-0.32,0.39,-0.98,-0.39,-0.03,-0.42,0.33,0.28,-0.9,0.85,0.13,0.98,-0.53,0.35,0.69,0.34,0.37,0.26,-0.34,0.69,-0.26,-0.08,-0.55,-0.83,-0.15,0.71,0.82,0.09,0.66,0.54,-0.55,0.54,0.7,0.65,
-0.87,-0.87,0.38,-0.17,0.95,-0.94,-0.8,0.99,-0.35,-0.69,0.15,0.7,-0.32,0.82,-0.84,-0.14,0.71,0.74,-0.28,-0.06,-0.43,-0.71,0.76,0,-0.87,0.53,0.35,0.78,-0.61,-0.4,-0.41,-0.22,0.18,0.22,0.75,-0.04,0.84,0.05,-0.25,0.41,0.05,0.04,-0.24,-0.43,0.92,0.15,-0.86,0.69,0.74,0.26,
-0.85,-0.93,-0.6,-0.12,0.73,0.37,0.11,-0.98,0.55,0.4,-0.53,0.27,-0.12,-0.56,-0.64,-0.05,-0.75,-0.84,0.32,0.83,-0.52,0.24,0.6,0.95,0.24,0.34,0.8,-0.86,0.79,-0.15,-0.98,-0.35,-0.3,0.83,0.62,-0.82,0.64,-0.17,0.98,-0.85,0.61,-0.7,0.86,-0.88,0.04,0.85,0.05,-0.27,0.75,0.94,
-0.94,0.28,0.7,0.38,-0.52,-0.15,-0.33,0.76,0.38,0.19,-0.76,-0.4,0.37,0.74,-0.15,-0.94,0.27,0.01,-0.4,0.2,0.44,-0.67,-0.02,0.69,-0.49,-0.65,0.47,0.64,0.15,0.79,-0.03,0.52,-0.53,-0.15,0.69,0.93,-0.37,0.69,-0.45,-0.13,0.76,-0.79,-0.8,0.01,0.45,0.42,-0.48,-0.39,-0.93,0.75,
-0.63,-0.19,-0.54,-0.68,-0.8,-0.55,-0.99,-0.33,-0.1,0.32,-0.89,-0.97,0.35,0.69,-0.05,-0.14,0.34,0.11,-0.7,0.09,-0.5,0.7,-0.93,-0.91,0.67,-0.68,0.47,-0.36,0.4,0.3,0.77,0.36,-0.69,0.51,-0.53,-0.01,-0.67,0.47,-0.65,0.4,-0.4,0.55,-0.43,0.77,0.86,-0.71,-0.06,-0.1,0.84,0.66,
