0.09,-0.89,-0.26,-0.14,0.04,-0.17,-0.51,0.93,-0.58,0.02,-0.02,0.1,0.36,-0.94,-0.12,0.17,0.45,0.83,0.16,-0.88,0.39,0.11,-0.4,0.18,0.56,0.45,0.74,-0.39,-0.81,-0.34,-0.94,-0.65,-1,-0.89,0.4,0.03,0.06,0.6,0.86,0.82,-0.45,-0.92,-0.56,-0.52,-0.51,0.19,-0.44,-0.56,0.43,-0.36,
-1,0.98,-0.59,-0.61,0.82,-0.59,0.85,-0.3,0.03,-0.12,-0.62,0.58,-0.25,0.13,0.14,0.36,-0.56,-0.48,0.02,0.8,0.66,-0.12,-0.71,-0.18,0.98,0.11,-0.13,0.12,0.25,0.47,0.99,-0.89,-0.37,0.37,0.02,0.69,0.34,0.57,-0.67,-0.37,0.73,-0.06,0.93,0.1,-0.02,0.23,-0.5,-0.17,0.63,-0.7,
-0.06,0.03,-0.95,-0.2,0.38,-0.72,0.77,0.81,-0.98,0.46,-1,0.45,0.2,0.28,0.2,0.16,0.87,0.27,-0.69,0.86,0.34,0.87,0.19,-0.06,-0.15,-0.97,-0.09,0.12,-0.12,0.64,-0.19,-0.88,-0.51,-0.43,-0.2,-0.39,0.04,-0.3,-0.96,-0.19,-0.51,0.88,-0.28,-0.53,-0.72,-0.93,0.56,0.99,-0.06,0.43,
0.43,0.45,0.02,-0.08,0.18,0.52,0.87,0.9,0.25,-0.44,-0.72,0.79,-0.47,0.5,-0.05,0.7,-0.45,0.59,0.66,-0.85,-0.6,-0.88,-0.86,0.76,0.26,-0.72,0.62,0.92,-0.34,0.94,-0.43,-0.18,-0.7,-0.59,-0.01,-0.2,0.53,-0.55,-0.03,0.56,0.29,-0.41,-0.86,-0.84,0.12,-0.56,-0.68,0.13,0.85,0.98,
-0.89,0.29,0.57,0.88,-0.52,-0.88,0.7,-0.44,-0.58,-0.89,-0.49,0.58,-0.66,-0.2,-0.23,0.46,-0.96,-0.59,-0.51,0.56,-0.83,0.6,-0.78,0.54,0.74,0.14,0.29,0.03,-0.8,-0.13,0.19,0.95,-0.91,-0.42,-0.34,-0.64,-0.68,-0.59,-0.65,-0.73,-0.96,-0.53,-0.45,0.54,-0.41,0.76,-0.08,0.24,0.77,0.49,
-0.31,0.17,0.46,0.61,0.49,-0.32,-0.8,-0.66,-0.83,0.82,0.55,0,0.93,0.66,-0.53,0.39,0.52,-0.43,0.16,-0.93,0.77,0.98,0.68,-0.95,0.25,-0.06,0.23,0.8,-0.58,-0.6,0.3,0.01,-0.46,0.05,0.15,0.9,-0.55,0.22,0.44,0.2,0.27,-0.18,0.66,-0.36,0.02,0.49,0.89,-0.41,0.74,0.33,
-0.87,0.26,0.09,-0.76,0.67,0.73,-0.15,0.3,0.21,-0.34,-0.84,-0.55,-0.14,0.12,0.48,0.03,-0.78,0.12,0.67,-0.01,0.22,0.08,0.88,-0.91,-0.57,0.23,-0.7,-0.5,0.55,0.96,0.97,-0.77,0.39,0.82,0.35,-0.5,-0.85,0.27,-1,0.99,0.11,0.87,-0.39,-0.08,-0.13,0.84,-0.62,-0.53,0.3,0.67,
0.3,0.11,0.78,-0.86,0.68,0.89,-0.89,-0.72,0.54,0.64,-0.91,-0.24,0.96,0.99,-0.61,-0.7,0.82,-0.82,-0.19,0.3,-0.94,-0.23,-0.16,0.59,-0.5,0.24,0.25,0.71,-0.15,0.77,0.67,-0.41,0.43,0.98,0.85,-0.55,-0.26,-0.78,-0.69,0.64,0.06,-0.48,0.99,0.49,-0.48,0.1,-0.45,-0.05,-0.97,-0.34,
-0.22,-0.36,0.51,0.86,-0.36,0.02,0.75,0.49,-0.3,0.14,-0.76,0.18,-0.07,0.64,0.34,0.93,0.97,-0.73,0.54,-0.82,-0.79,0.23,-0.55,-0.68,0.89,0.81,-0.47,0.15,0.01,0.37,-0.95,-0.74,-0.64,-0.69,-0.83,0.6,0.07,0.75,-0.09,0.99,-0.57,0.41,-0.04,0.33,-0.64,0.61,0.58,0.59,-0.13,-0.3,
-0.67,-0.65,0.75,0.61,-0.16,0.22,-0.09,-0.4,-0.06,-0.14,-0.85,-0.8,0.89,-0.76,0.33,0.52,0.67,-0.86,0.01,0.39,-0.94,0.07,0.16,-0.32,0.16,0.35,-0.8,0,0.28,0.2,0.76,-0.93,-0.93,-0.59,-0.25,0.1,-0.06,-0.02,-0.66,-0.4,0.43,-0.92,0.11,-0.2,0.79,-0.86,-0.37,-0.97,0.35,-0.32,
0.34,0.22,0.22,-0.04,-0.59,0.26,0.09,-0.89,-0.63,-0.01,-0.25,-0.71,-0.37,-0.79,0.79,-0.18,0.79,-0.34,0.72,-0.37,0.6,-0.25,0.13,0.76,0.23,-0.16,-0.14,0.8,0.4,0.11,-0.74,0.95,0.9,-0.72,-0.4,0.82,-0.81,-0.95,0.38,-0.03,0.43,-0.53,-0.04,0.65,-0.65,0.54,-0.06,-0.52,-0.3,0.32,
-0.62,0.53,-0.69,0.87,0.88,-0.06,0.97,-0.58,0.19,-0.36,-0.82,0.58,-0.77,0.38,-0.78,-0.75,-0.62,0.5,0.68,0.43,0.4,0.37,0.94,0.67,-0.94,0.36,0.58,-0.08,-0.6,-0.58,-0.01,-0.55,-0.01,0.6,-0.15,0.94,-0.77,0.15,0,0.6,-0.31,0.08,0.07,0.1,-0.86,-0.1,0.8,0.85,0.28,-0.29,
0.54,0.01,-0.73,0.56,0.11,0.57,-0.54,-0.22,-0.85,0.16,-0.28,0.13,-0.16,0.49,-0.4,0.41,0.48,-0.83,-0.81,0.34,0.04,-0.45,-0.76,0.44,0.66,-0.44,-0.35,0.85,-0.19,-0.81,-0.74,0.85,-0.77,0.9,-0.14,0.21,0.8,-0.21,-0.2,-0.76,-0.3,0.54,0.26,-0.16,-0.6,-0.8,0.76,-0.53,-0.74,0.27,
-0.52,0.59,0.45,0.74,0.62,-0.34,-0.01,-0.64,0.09,-0.59,-0.94,-0.6,-0.17,-0.79,-0.91,0.48,0.74,0.12,0.55,0.02,0.31,0.66,0.7,0.26,0.07,-0.09,-0.85,0.05,-0.04,-0.78,-0.91,-0.46,0.89,0.74,0.59,-0.29,-0.19,0,0.94,0.78,-0.07,-0.5,0.69,-0.36,0.79,-0.26,0.91,0.89,-0.42,0.54,
0.86,0.3,0.44,0.9,-0.87,-1,0.67,0.19,-0.11,0.9,-0.73,-0.26,-0.68,0.4,0.3,-0.88,0.14,-1,0.73,0.97,0.55,-0.75,0.35,0.46,-0.48,-0.25,0.47,-0.04,-0.04,0.23,0.15,0.5,-0.09,0.71,-0.78,0.14,0.42,0.67,-0.43,0.9,0.42,0.61,-0.34,0.72,0.82,0.86,-0.68,0.12,-0.58,0.23,
-0.45,0.02,-0.3,0.15,-0.09,0.47,0.97,-0.03,0.47,0.04,-0.3,0.72,-0.44,-0.88,-0.16,-0.68,0.26,0.13,-0.14,-0.63,-0.26,0.46,0.18,-0.25,0,0.8,-0.71,0.44,-0.37,0.63,-0.93,0.66,-0.37,0.89,0.71,0.98,0.3,-0.87,0.18,0.21,0.94,-0.91,0.04,0.85,0.06,-0.31,0.83,-0.01,-0.93,-0.09,
-0.81,0.04,0.21,-0.33,0.3,-0.4,0.06,0.2,0.56,-0.14,0.66,-0.41,0.77,0.93,0.96,-0.72,0.78,0.15,0.24,0.82,0.9,0.08,0.29,-0.17,0.1,-0.43,0.93,-0.12,-0.33,-0.5,-0.26,0.85,0.34,0.52,0.75,-0.84,0.84,-0.56,-0.8,0.46,0.31,0.71,0.9,0.14,-0.19,0.42,-0.61,-0.81,0.55,-0.1,
0.2,0.04,0.89,-0.42,-0.53,0.58,0.76,0.42,0.88,-0.15,-0.52,0.74,0.9,0.54,-0.61,0.51,0.88,0.29,-0.43,0.62,-0.99,0.05,-0.66,0.77,0.59,-0.52,-0.55,0.15,-0.29,-0.83,-0.13,0.7,-0.93,0.06,-0.09,0.39,-0.63,-0.01,0.1,-0.22,0,-0.8,-0.94,0.27,0.48,-0.45,0.91,0.56,0.83,0.58,
0.9,-0.85,-0.03,0.42,-0.35,0.34,0.04,0.24,0.66,0.22,-0.07,0.1,-0.64,-0.79,0.12,0.97,0.99,-0.13,0.79,-0.75,0.68,0.22,-0.2,0.34,0.16,0,-0.4,-0.62,-0.08,0.42,0.6,-0.36,-0.47,-0.89,-0.14,-0.77,0.36,0.95,0.29,-0.46,0.73,-0.27,-0.36,0.46,-0.17,0.61,0.4,-0.76,0.55,0.09,
-0.6,-0.43,-0.45,0.86,0.21,0.06,-0.08,0.59,-0.71,-0.51,0.67,-0.62,-0.75,-0.78,-0.44,0.58,-0.39,0.18,0.12,-0.36,0.79,-0.06,0.2,-0.52,-0.99,-0.3,0.89,0.27,-0.01,-0.49,0.99,0.19,-0.88,0.05,-0.11,0.34,-0.78,-0.35,-0.94,0.66,0.2,-0.04,0.85,-0.08,0.91,-0.2,0.33,0.68,0.13,-0.49,
0.35,0.96,0.1,-0.24,0.37,-0.67,0.75,0.85,-1,-0.53,0.72,0.18,-0.03,0.95,-0.52,0.47,0.75,0.49,-0.44,-0.82,-1,-0.74,0.8,0.13,-0.35,-0.6,0.81,-0.29,-0.78,-0.76,-0.12,-0.55,0.66,-0.27,0.45,0.13,-0.21,0.79,-0.8,0.23,0.42,0.28,0.51,0.78,0.54,0.54,0.56,-0.85,-0.02,0.69,
-0.3,-0.87,0.79,-0.25,-0.1,0.66,0.74,-0.99,0.52,-0.98,-0.74,0.44,0.86,0.48,0.82,-0.47,-0.47,-0.39,-0.99,-0.23,-0.79,-0.87,0.58,0.72,0.01,0.26,0.06,0.16,-0.37,0.08,-0.44,0.84,0.85,0.14,0.51,-0.43,0.14,0.11,0.62,-0.83,-0.57,-0.11,0.44,0.82,0.36,0.04,-0.95,-0.43,-0.91,-0.14,
-0.75,-0.12,-0.08,-0.23,-0.28,0.61,-0.38,0.39,-0.83,0.04,0.3,-0.5,-0.66,0.39,-0.03,0.62,-0.47,0.47,-0.89,-0.66,0.64,0.82,-0.72,0.32,-0.9,0.63,-0.1,0.22,0.81,-0.79,-0.06,0.02,0.74,0.4,0.69,0.66,0.23,-1,0.45,0.35,-0.76,-0.21,0.33,0.61,-0.03,0.93,-0.95,0.72,0.55,0.31,
-0.07,0.85,0.24,0.45,-0.09,0.4,0.91,0.83,-0.13,-0.68,-0.72,-0.67,0.31,0,-0.68,-0.99,-0.57,0.57,0.69,0.13,-0.29,-0.56,0.89,0.7,0.43,-0.11,0.24,0,-0.78,0.76,-0.74,-0.45,-0.67,0.71,-0.91,0.7,-0.42,-0.68,0.51,0.05,0.6,0.01,-0.8,-0.64,-0.83,-0.51,0.19,-0.62,-0.65,-0.08,
-0.51,-0.24,0.36,0.46,0.78,0.43,0.52,0.79,0.46,-0.74,0.63,0.83,-0.33,0.76,-0.05,-0.35,0.65,0.12,-0.78,-0.27,0.54,0.63,0.64,0.82,-0.56,0.28,-0.12,-0.72,-0.17,-0.07,-0.51,0.38,0.15,0.84,0.71,-0.77,-0.47,0.98,-0.51,0.35,0.41,0.97,-0.47,0.44,-0.88,0.17,0.98,-0.02,0.51,-0.55,
-0.43,0.74,0.28,0.95,0.48,-0.39,-0.64,0.23,-0.77,0.97,-0.56,0.72,-0.8,0.92,0.03,0.58,-0.12,-0.23,0.44,0.77,0.06,-0.81,-0.96,-0.81,0.55,0.55,-0.05,-0.28,0.51,-0.7,-0.85,-0.05,-0.89,-0.13,-0.99,-0.58,-0.53,0.53,0.15,0.9,-0.61,0.56,-0.5,0.56,0,-0.23,0.33,-0.69,0.68,-0.17,
0.78,-0.46,-0.1,0.29,0.11,0.89,0.1,0.29,0.79,-0.61,-0.43,0.49,-0.86,-0.93,-0.32,-0.88,-0.3,0.12,0.9,0.31,-0.17,0.84,-0.37,-0.1,-0.86,0.56,0.06,0.13,-0.63,0.61,-0.65,-0.34,0.46,-0.93,-0.42,0.52,-0.46,0.54,-0.7,-0.51,-0.04,-0.16,0.41,-0.6,0.22,0.49,0.55,-0.06,0.57,-0.48,
-0.03,-0.02,0.55,0.15,0.6,0.9,0.5,-0.38,-0.94,0.8,0.68,0.88,0.52,-0.11,0.78,-0.82,-0.11,-0.27,-0.59,-0.48,-0.66,0.15,0.73,0.41,-0.49,-0.86,0,-0.28,-0.6,0.88,-0.77,-0.52,-0.93,0.18,-0.01,-0.23,0.05,0.28,0.71,0.6,-0.05,-0.45,0.88,-0.9,0.92,-0.68,0.29,0.04,-0.12,-0.65,
-0.04,-0.99,-0.18,-0.29,0.08,0.86,-0.74,0.43,-0.16,-0.18,0.64,-0.38,-0.07,-0.5,-0.11,0.83,-0.41,0.52,-0.89,0.85,-0.46,0.4,0.26,-0.59,0.78,-0.59,-0.34,-0.84,-0.77,0.2,0.18,-0.22,0.23,-0.9,0.12,-0.62,-0.4,-0.39,0.3,0.96,-0.33,0.05,0.11,-0.07,-0.47,0.47,0.98,0.82,-0.64,0.06,
0.34,-0.12,0.09,-0.68,0.39,-0.98,0.71,-0.82,0.59,0.43,0.16,0.24,0.96,0.7,0.78,0.75,0.29,-0.85,0.57,-0.55,-0.48,0,0.83,0.18,0.68,0.04,0.29,-0.33,0.51,0.62,0.4,-0.73,0.69,-0.23,0.14,0.97,0.33,-0.01,0.09,-0.39,0.66,0.92,-0.36,-0.9,-0.66,0.76,0.65,0.76,0.84,0.47,
-0.77,0.85,0.36,-0.21,0.54,0.21,0.68,-0.69,-0.29,0.38,-0.17,0,0.32,0.25,-0.16,-0.99,-0.25,0.7,0,-0.81,-0.1,0.46,0.52,0.2,-0.49,-0.25,-0.69,0.51,-0.31,-0.88,-0.01,-0.11,-0.49,0.7,0.17,-0.78,0.14,-0.02,-0.22,0.87,0.69,-0.77,-0.73,-0.98,0.24,0.58,-0.76,0.23,-0.66,-0.43,
0.53,0.46,-0.11,-0.99,-0.07,0.61,0.33,0.19,-0.56,-0.53,-0.76,0.73,0.7,-0.91,0.27,0.2,0.88,-0.28,-0.83,0.52,0.79,0.95,0.74,-0.72,0.99,0.66,0.09,-0.92,0.73,0.79,-0.38,0.28,0.32,-0.43,0.29,-0.27,-0.64,0.3,0.27,-0.22,-0.44,0.13,-0.84,0.29,-0.62,-0.81,-0.24,-0.42,0.33,-0.63,
-0.06,-0.23,-0.78,0.59,-0.63,-0.45,-0.22,-0.12,-0.07,-0.27,0.22,-0.42,0.99,0.28,0.96,-0.77,0.56,0.64,-0.62,-0.49,0.83,0.27,-0.96,0.24,-0.57,0.77,-0.21,-0.92,0.86,-0.5,0.91,0.9,0.29,0.83,-1,-0.76,0.76,0.13,-0.04,-0.78,0.02,-0.58,0.36,-0.13,0.8,0.69,-0.34,0.8,-0.75,0.6,
0.94,-0.39,0.5,0.08,0.19,-0.52,0.87,-0.72,-0.88,-0.53,-0.9,0.9,0.94,-0.74,-0.83,0.99,0.13,0.17,-0.62,0.46,-0.86,0.54,0.75,0.86,-0.45,0.06,0.11,-0.97,-0.15,0.2,0.76,-0.3,-0.59,-0.93,-0.87,-0.01,0.86,0.18,-0.22,0.16,-0.7,0.12,-0.66,-0.53,-0.69,-0.27,0.44,0.09,-1,0.74,
-0.61,0.69,0.12,0.96,0.99,-0.01,0.58,-0.65,0.59,-0.55,-0.46,-0.96,0.29,0.17,-0.42,-0.19,-0.18,-0.15,-0.15,-0.07,-0.7,0.59,0,0.64,0.08,-0.07,0.82,-0.17,0.01,0.84,-0.23,-0.57,-0.09,-1,0.98,0.86,-0.2,-0.41,0.65,0.71,0.24,-0.11,0.96,-0.53,0.88,-0.13,-0.06,0.88,-0.93,-0.5,
0.83,-0.39,0.06,-0.69,-0.37,0.38,0.5,-1,-0.86,-0.27,0.36,-0.18,-0.34,-0.15,-0.58,0.57,0.98,-0.38,0.37,-0.33,-0.95,0.21,0.74,0.57,-0.04,-0.02,-0.59,-0.58,-0.55,0.43,-0.02,-0.83,0.37,-0.29,0.14,-0.1,0.66,0.14,0.78,-0.2,-0.76,0.86,-0.91,0.77,-0.72,-0.97,-0.96,-0.67,-0.97,0.19,
0.06,0.07,-0.54,-0.94,0.42,0.78,-0.1,-0.72,-0.12,0.35,-0.94,0.06,0.01,-0.56,-0.02,-0.66,0.5,-0.51,-0.02,-0.15,0.03,-0.88,0.95,-0.05,0.29,0.66,0.34,0.82,0.86,0.88,0.23,0.5,0.7,-0.81,-0.37,-0.75,-0.1,0.52,-0.59,0.41,0.13,0.42,0.85,0.82,0.91,0.93,0.71,-0.46,-0.47,0.71,
-0.09,0.54,0.08,-0.87,0.68,-0.69,-0.78,-0.35,0.26,-0.88,0.3,0.49,0.26,0.38,0.63,0.95,-0.59,-0.82,-0.17,-0.54,-0.62,0.01,-0.16,-0.13,-0.36,0.22,0.44,0.29,0.55,-0.01,-0.83,0.78,0.44,0.37,0.39,-0.97,0.11,-0.42,0.61,-0.9,0.56,0.35,-0.55,-0.46,0.73,-0.01,-0.32,-0.9,-0.32,-0.59,
-0.18,0.98,-0.76,0.01,-0.51,-0.18,-0.04,0.18,0.68,-0.8,-0.97,-0.02,-0.18,0.72,0.37,0.95,0.07,-0.62,0.43,-0.04,-0.98,-0.44,-0.83,0.35,0.4,0.01,0.44,-0.91,0.5,-0.35,0.42,0.27,0.49,0.5,0.68,-0.72,0.05,0.26,-0.56,0.78,0.03,0.7,0.94,0.06,0.02,0.78,-0.12,-0.38,0.24,-0.22,
-0.2,-0.34,0.54,0.8,-0.95,0.38,-0.47,-0.01,0.82,-0.95,-0.13,0.12,-0.98,-0.49,-0.55,-0.21,-0.39,0.94,-0.34,-0.96,-0.9,-0.13,0.89,0.86,-0.03,0.08,0.82,0.08,0.86,-0.07,0.66,-0.82,-0.73,0.11,0.67,0.43,-0.05,-0.82,-0.1,-0.12,0.84,-0.14,0.76,0.19,0.26,-0.63,0.95,-0.35,0.2,-0.2,
-0.06,0.56,0.7,0.72,-0.02,-0.87,-0.28,0.5,-0.9,-0.74,-0.66,-0.55,-0.27,0.23,0.12,-0.61,0.47,0.58,-1,-0.37,-0.11,-0.16,-0.94,-0.55,0.61,-0.54,-0.33,0.18,0.9,-0.73,0.53,-0.79,-0.01,-0.62,0.09,-0.58,0.98,0.32,0.02,-0.26,0.86,0.15,0.02,0.92,0.89,-0.02,0.18,-0.81,-0.88,-0.72,
-0.61,-0.37,-0.48,0.98,0.9,0.36,0.71,0,0.52,-0.95,-0.79,0.51,-0.45,-0.51,-0.57,0.3,-0.49,-0.2,0.93,-0.07,-0.72,-0.52,0.99,-0.19,-0.94,0.17,0.87,-0.88,0.9,-0.18,0.64,0.76,0.09,0.64,-0.18,0.2,-0.57,-0.91,-0.88,-0.18,-0.86,0.86,0.78,-0.41,-0.18,-0.39,0.01,-0.05,-0.73,0.5,
-0.49,-0.2,-0.19,0.34,-0.53,0.78,0.31,-0.16,0.69,0.08,0.28,-0.16,0.86,-0.59,0.77,0.17,0.46,-1,0.23,0.44,-0.86,-0.6,0.96,0.65,0.16,-0.2,0.8,0.12,-0.04,0.18,0.1,-0.72,0.4,-0.13,-0.14,-0.06,-0.88,0.83,0.09,0.98,0.44,-0.03,0.55,0.46,0.09,-0.84,0.88,-0.81,-0.22,0.99,
-0.53,-0.57,-0.21,-0.54,0.79,-0.13,0.55,0.42,-0.5,-0.5,-0.62,0.04,-0.89,-0.01,-0.07,0.36,-0.82,-0.2,-0.4,-0.04,0.71,-0.9,0.12,-0.74,0.19,-0.18,0.51,-0.15,-0.78,-0.55,-0.55,-0.24,0.58,-0.56,-0.67,-0.8,-0.82,0.75,-0.85,-0.55,-0.13,0.56,0.82,0.06,0.87,0.62,0.08,-0.4,0.18,0.38,
-0.27,-0.72,0.98,0.52,0.78,-0.2,0.25,0.03,-0.93,0.12,-0.62,0.15,0.43,-0.35,0.21,0.07,0.78,-0.27,0.78,0.66,-0.52,-0.08,-0.28,-0.64,-0.36,-0.61,-0.71,-0.43,0.15,-0.09,-0.9,-0.54,0.78,-0.47,-0.31,-0.03,0.08,0.15,-0.63,-0.22,0.57,0.85,0.01,-0.06,-0.64,0.64,0.59,-0.78,0.4,0.35,
0.95,0.07,-0.3,0.89,-0.84,0.25,0.08,0.66,0.06,-0.59,0.12,0.97,0.81,-0.24,-0.78,-0.43,0.45,0.32,0.04,-0.81,-0.94,-0.27,0.29,0.11,0.14,-0.08,0.88,-0.53,-0.83,0.75,0.18,-0.8,0.8,-0.46,-0.67,0.1,0.17,-0.48,0.14,0.66,0.61,0.45,-0.39,-0.5,-0.29,-0.42,0.99,0.85,0.21,0.53,
0.65,-0.13,0.45,0.83,-0.65,0.15,0.58,-0.37,0.59,0.84,0.66,-0.87,-0.68,-0.67,-0.14,0.11,0.85,0.68,-0.04,-0.25,-0.66,-0.2,-0.24,0.45,-0.11,-0.75,-0.18,0.54,-0.48,0.97,-0.62,0.37,0.22,-0.83,-0.47,0.61,-0.01,-0.55,0.52,0.75,0.1,0.2,0.03,0.77,-0.5,0.25,0.36,-0.05,-0.94,-0.89,
-1,-0.19,-0.96,-0.72,-0.92,0.3,0.87,-0.65,-0.33,0.87,0.41,0.08,-0.92,0.71,0.05,-0.61,0.23,0.57,-0.02,0.33,-0.43,-0.97,0.67,0.34,-0.56,-0.98,0.88,-0.58,-0.33,0.97,0.44,0.58,0.33,0.82,-0.27,0.54,-0.13,-0.33,-0.15,0.61,-0.23,-0.94,0.38,-0.44,0.18,0.51,0.13,-0.74,-0.97,0.17,
-0.46,-0.01,-0.28,-0.97,0.55,-0.56,0.32,0.52,-0.22,0.1,-0.86,0.54,0.12,0.63,-0.11,0.55,-0.61,0.53,0.85,0.32,-0.94,0.2,-0.54,0.21,-0.65,0.59,0.6,0.58,0.38,-0.5,0,-0.19,0.76,-0.54,0.75,0.43,-0.01,0.36,0.67,0.87,0.68,0.79,0.3,0.16,-0.8,0.84,0.85,0.03,0.83,-0.25,
-0.87,0.17,-0.94,-0.65,-0.62,0.43,0.36,0.94,-0.28,0.42,0.08,0.18,0.1,-0.53,0.53,0.68,-0.89,-1,-0.79,0.31,-0.93,0.96,0.22,-0.53,0.66,0.09,-0.22,0.82,-1,-0.09,-0.98,-0.14,-0.08,-0.45,0.41,0.29,-0.62,-0.31,-0.34,0.53,-0.41,-0.26,0.83,-0.2,0.55,-0.18,0.19,0.11,-0.94,0.65,
