-0.36,0.03,-0.61,0.14,-0.89,-0.53,0.17,-0.03,0.69,0.07,0.08,0.97,0.37,0.06,0.24,-0.68,0.45,0.26,0.02,-0.53,0.61,-0.44,-0.75,-0.25,-0.08,-0.89,-0.54,0.94,-0.21,-0.24,-0.3,-0.26,0.7,
-0.36,-0.34,-0.78,-0.6,-0.61,-0.66,0,-0.34,0.67,-0.42,0.49,-0.52,-0.96,-0.73,0.59,-0.42,-0.45,-0.3,0.76,0.8,-0.23,0.27,-0.4,0.77,0.05,0.03,0.69,0.93,0.8,-0.75,0.53,0.26,-0.64,
0.78,0.91,0.95,-0.41,0.87,0.58,0.34,-0.82,0.04,-0.46,-0.92,0.97,0.1,0.2,-0.98,0.04,-0.03,0.64,-0.34,0.14,-0.81,-0.28,-0.54,0.61,-0.64,0,-0.28,0.83,0.5,-0.55,0.71,0.56,-0.84,
-0.05,-0.15,0.71,-0.7,-0.78,-0.62,-0.51,-0.05,0.58,0.68,0.31,-0.13,0.05,0.26,-0.92,-0.71,-0.43,-0.02,0.92,-0.05,-0.37,0.94,-0.82,-0.15,0.64,-0.49,-0.32,0.08,0.25,0.37,0.26,-0.63,0.56,
0.58,-0.76,-0.79,0.49,0.37,0.5,-0.39,0.98,0.12,0.36,0,-0.57,-0.59,-0.37,0.64,0.92,-0.71,0.09,-0.58,0.93,0.74,0.09,0.38,-0.14,0.39,-0.97,0.23,0.39,0.78,-0.56,0.75,-0.45,-0.95,
0.05,-0.86,-0.01,0.44,-1,0.79,0.26,-0.27,0.16,0.59,0.98,0.45,0.66,0.8,-0.11,-0.5,0.48,0.8,-0.79,0.62,-0.68,0,0.49,0.83,0,0.87,-0.31,0.71,0.98,0.2,-0.12,0.87,0.5,
0.31,-0.68,-0.02,0.11,0.13,0.17,-0.49,-0.79,-0.3,0.69,-0.7,-0.64,-0.61,0.24,0.3,0.3,0.34,-0.88,0.25,-0.22,0.53,0.2,-0.92,-0.2,-0.4,-0.32,-0.13,0.06,-0.62,0.43,0.11,-0.28,-0.42,
0.15,0.28,0.88,-0.92,0.65,0.57,-0.55,-0.89,-0.06,-0.59,-0.11,-0.17,-0.75,-0.23,-0.43,0.18,0.98,0.2,0.96,-0.98,0.5,-0.22,-0.22,-0.37,-0.76,0.16,-0.82,-0.17,0.87,0.86,-0.06,0.81,0.49,
0.53,-0.7,-0.14,-0.16,0.76,0.64,-0.15,0.47,0.86,-0.62,0.06,-0.61,0.38,0.44,-0.47,-0.49,0.3,-0.96,-0.36,-0.84,-0.04,-0.93,0.86,0.29,-0.58,-0.95,-0.79,0.82,0.31,0.52,-0.81,-0.93,0.5,
0.65,0.57,0.39,0.31,0.92,0.31,0.37,-0.44,0.86,0.15,0.36,-0.98,-0.53,0.23,-0.58,-0.08,0.41,0.37,-0.22,-0.94,0.53,0.5,0.1,0.06,0.08,0.34,-0.3,0.39,-0.05,-0.8,-0.37,-0.13,-0.18,
0.79,0.86,-0.45,0.95,0.19,0.44,0.08,0.01,0.33,-0.34,0.64,0.03,0.45,0.17,-0.63,0.11,-0.29,-0.2,0.3,-0.78,-0.24,-0.67,0.07,-0.46,-0.79,0.8,0.78,0.45,-1,-0.07,0.55,0.32,-0.42,
0.29,-0.81,-0.56,-0.12,0.52,0.49,0.12,-0.98,-0.94,-0.35,0.27,0.65,0.86,0.5,0.79,0.61,0.9,-0.75,0.26,0.46,-0.36,0.99,0.71,0.62,-0.68,0.19,0.77,0.75,0.15,-0.97,-0.73,-0.52,-0.05,
-0.28,-0.4,-0.3,0.45,0.48,-0.91,-0.59,0.47,0.12,0.11,-0.35,-0.34,0.11,-0.29,-0.78,0.59,0.26,-0.45,-0.5,-0.24,0.95,0.8,-0.47,0.61,0.78,-0.32,-0.43,0.43,0.02,-0.92,-0.45,0.98,0.66,
0.38,-0.67,0.78,0.61,-0.57,0.22,0.39,-0.42,0.6,-0.41,0.09,0.19,0.42,-0.52,0.96,-0.62,-0.89,-0.98,0.4,-0.03,-0.05,-0.62,-0.75,-0.23,-0.88,0.26,-0.34,-0.15,-0.58,0.98,-0.32,0.96,-0.78,
0.13,-0.88,0.71,-0.73,0.97,-0.88,-0.05,0.21,0.25,-0.98,0.98,0.73,0.18,0.57,-0.88,0.46,-0.48,0.7,0.69,-0.05,-0.87,0.66,-0.54,-0.84,0.26,0.09,0.04,0.93,-0.55,-0.74,0.63,-0.04,-0.61,
0.75,-0.5,0.71,-0.66,-0.45,-0.78,0.22,0.74,-0.25,0.02,0.1,-0.76,0.22,-0.3,0.46,-0.53,-0.24,-0.09,-0.51,0.86,0.13,-0.15,0.92,0.69,-0.39,-0.3,-0.14,0.48,0.75,-0.9,0.93,0.77,-0.33,
-0.05,-0.26,-0.82,0.72,0.12,-0.32,0.49,-0.14,0,-0.76,0.42,0.23,0.72,-0.15,-0.98,-0.88,0.73,0.27,0.49,-0.82,0.07,-0.95,-0.69,0.89,0.19,-0.61,0.39,0.09,0.54,-0.44,-0.44,0.19,-0.74,
-1,0.15,0.23,0.8,0.42,-0.4,0,-0.41,0.16,-0.04,0.11,-0.77,0.78,-0.69,0.28,-0.18,-0.12,0.11,-0.19,-0.05,0.9,0.21,-0.41,-0.24,0.03,-0.98,0.38,-0.82,-0.63,0.72,-0.95,0.86,-0.22,
0.74,0.56,0.46,0.04,0.14,-0.47,-0.03,0.13,0.26,0.91,0.67,-0.82,-0.55,-0.2,-0.6,0.56,-0.06,0.57,-0.26,0,-0.23,-0.59,-0.07,-0.17,-0.67,-0.04,-0.01,0.05,-0.46,-0.33,0.12,-0.41,-0.41,
0.98,0.08,0.94,0.19,-0.52,-0.06,-0.29,-0.44,0.56,0.87,-0.56,-0.8,-0.7,0.6,0.48,-0.97,-0.77,-0.56,-0.71,0.41,-0.95,-0.59,-0.15,-0.2,0.97,-0.31,-0.65,-0.4,0.46,0.95,0.6,-0.17,0.38,
-0.68,0.65,0.79,-0.05,-0.81,0.42,-0.46,0.15,-0.56,0.36,0,0.04,0.13,0.43,0.27,-0.93,-0.56,-0.17,0.51,-0.04,0.85,0.4,-0.29,-0.19,-0.61,-0.17,0.52,-0.74,-0.48,0.87,0.08,-0.52,-0.38,
0.44,0.66,0.68,-0.68,-0.93,0.44,0.99,0.69,0.9,-0.39,0.04,-0.73,0.49,-1,0.25,-0.81,0.82,-0.23,-0.43,0.8,-0.92,-0.14,-0.62,-0.03,-0.18,0.21,0.23,0.23,0.82,-0.2,0.52,-0.85,0.72,
0.52,-0.16,0.16,0.05,0.27,0.59,-0.65,-0.53,0.11,0.96,-0.12,0.67,0.12,0.45,0.92,-0.8,0.57,-0.26,0.39,0.46,0.18,0.46,-0.32,0.43,-0.46,0.56,-0.29,-0.92,0.58,0.94,-0.17,-1,0.37,
