-0.4,0.16,-0.29,-0.12,0.03,0.72,0.97,0.28,0.25,0.87,-0.25,0.22,-0.64,0.21,0.48,0.79,-0.58,-0.42,-0.54,0.79,-0.67,-0.75,0.49,
-0.14,0.72,-0.38,0.1,0.62,0.69,-0.95,0.66,-0.27,-0.85,-0.35,0.4,0.93,-0.9,0.68,0.97,0.23,0.49,-0.59,0.03,0.85,-0.05,0.72,
0.27,-0.81,0.54,0.93,0.91,-0.72,-0.93,0.31,-0.5,0.12,0.26,0.5,-0.42,-0.44,-0.23,0.11,-0.16,-0.82,0.74,0.15,0.86,0.63,0.18,
0.31,0.78,-0.62,0.95,0.58,-0.64,0.78,-0.14,0.03,-0.42,0.26,0.45,-0.84,-0.89,0.52,0.07,0.04,-0.75,-0.05,-0.11,-0.19,0,0.33,
0.59,0.41,-0.79,-0.35,-0.04,-0.1,0.28,-0.08,-0.73,0.39,0.56,0.79,0.34,-0.26,0.96,0.32,-0.93,-0.97,-0.65,-0.64,0.68,-0.66,-0.8,
0.76,0.23,-0.69,0.04,-0.09,-0.85,-0.44,0.64,-0.37,-0.11,0.04,-0.27,-0.44,0.58,0.43,-0.63,0.97,-0.84,-0.81,-0.17,-0.12,0.99,0.49,
0.19,-0.04,-0.66,0.02,0.56,-0.15,0.99,-0.56,0.45,0.4,0.51,0.76,-0.75,-0.41,-0.55,-0.34,0.94,-0.92,0.44,-0.45,0.36,-0.39,0.99,
0.86,0.31,-0.54,-0.63,-0.92,-0.61,-0.22,0.82,0.44,0.23,0.75,-0.84,0.15,0.8,0.84,0.01,-0.6,0.62,0.4,-0.68,0.48,-0.18,-0.67,
0.5,0.68,0.82,-0.22,-0.21,-0.41,0.39,-0.76,0.48,0.93,0.13,-0.05,-0.16,-0.48,-0.6,-0.71,-0.42,-0.58,-0.59,0.9,0.77,0.91,-0.66,
0.1,-0.65,-0.23,-0.37,0.92,-0.55,-0.35,0.41,-0.57,0.2,0.44,0.36,-0.58,-0.48,0.94,0.04,-0.73,-0.79,0.02,-0.37,0.19,0.86,-0.54,
0.98,-0.08,-0.32,-0.4,-0.43,0.84,0.8,0,0.44,-0.21,0.44,0.08,-0.44,-0.69,0.76,0.62,-0.03,0.94,-0.97,0.41,-0.84,-0.49,-0.69,
0.82,-0.76,-0.15,0.61,-0.92,0.49,-0.2,0.54,0.58,0.62,0.25,0.71,-0.96,-0.97,-0.8,-0.02,0.85,0.01,0.07,0.01,0.08,0.65,-0.9,
0.18,0.8,-0.54,0.58,-0.6,-0.72,-0.05,-0.89,-0.75,-0.77,-0.08,0.17,0.69,-0.28,-0.49,-0.76,-0.66,0.73,0.38,0.5,0.52,-0.88,-0.04,
0.45,-0.58,-0.29,0.61,-0.82,-0.67,-0.15,-0.38,-0.26,-0.59,-0.91,0.48,-0.22,-0.05,0.43,-0.09,-0.2,-0.5,0.95,0.62,0.48,-0.32,0.8,
-0.67,-0.12,0.46,-0.82,-0.92,-0.04,0.54,-0.16,-0.06,-0.04,0.97,0.89,0.48,-0.33,-0.71,-0.61,-0.33,-0.88,0.53,-0.2,0.63,0,-0.13,
-0.87,-0.86,0.71,0.61,0.24,0.24,-0.66,0.39,0.82,-0.92,0.6,0.87,-0.71,0.78,-0.09,-0.58,-0.9,-0.21,0.61,-0.09,0.87,0.5,0.84,
0.29,-0.33,-0.48,-0.57,0.02,-0.26,-0.17,-0.62,0.29,-0.38,-0.54,0.48,-0.77,-0.58,-0.36,-0.62,-0.47,-0.46,0.02,0.43,-0.07,0.27,-0.1,
-0.62,-0.6,-0.2,0.45,0.16,0.23,0.21,-0.13,-0.37,0,0.6,0.7,0.66,-0.22,0.42,0,0.81,0.56,-0.57,-0.07,0.63,0.71,0.95,
0.04,0.94,0.07,-0.34,-0.72,0.03,-0.93,0.03,0.19,-0.25,0.63,-0.22,-0.3,0.53,0.01,0.6,0.11,-0.27,0.35,-0.3,0.87,0,-0.88,
0.88,0.02,-0.19,0.61,-0.65,0.69,0.19,0.18,-0.91,0.95,-0.64,-0.47,-0.79,-0.89,0.5,0.14,0.97,0.36,-0.28,0.47,-0.9,-0.23,-0.45,
-0.26,0.51,0.75,0.5,0.13,-0.22,-0.44,-0.46,0.42,0.88,0.46,0.3,0.27,-0.54,-0.56,-0.9,-0.85,-0.49,0.21,0.01,-0.98,-0.88,-0.75,
-0.47,-0.63,0.3,-0.53,0.74,-0.11,-0.46,0.09,-0.44,0.3,0.19,-0.39,0.33,-0.25,0.59,-0.26,0.88,-0.55,0.03,-0.14,0.91,0.27,0.48,
0.01,0.78,-0.77,0.38,-0.35,0.65,0.86,0.93,-0.04,0.64,0.77,-0.4,0.23,-0.39,0.09,-0.27,-0.44,-0.9,0,0.98,0.54,0.99,0.16,
-0.19,0.92,-0.54,-0.6,0.64,-0.25,0.61,0.29,-0.3,-0.32,-0.12,0.42,0.25,-0.55,0.4,0.98,-0.5,-0.06,0.23,-0.63,0.66,0,0.17,
-0.86,0.32,0.25,0.9,0.53,-0.62,0.35,-0.71,0.89,-0.55,0.05,0.64,0.19,-0.49,-0.66,-0.59,-0.16,0.72,0.29,0.56,-0.57,-0.48,0.4,
0.06,-0.46,0.62,-0.23,-0.11,-0.02,-0.71,0.46,0.57,0.41,-0.14,-0.96,0.23,-0.99,0.99,-0.5,-0.63,0.74,-0.58,0.27,-0.07,-0.8,0.25,
0.13,-0.31,-0.28,0.08,-0.56,-0.15,0.43,-0.69,0.66,-0.54,0.93,0.34,0.8,0.76,-0.52,0.15,0.97,0.75,0.14,0.19,-0.39,-0.09,-0.74,
-0.53,0.49,0.43,0.02,0.6,0.53,0.38,-0.87,0.53,0.62,0.17,0.67,0.28,-0.07,0.01,0.61,-0.77,-0.33,-0.51,0.44,0.04,-0.41,-0.86,
-0.86,-0.69,0.17,0.61,0.8,0.11,0.52,0.24,-0.77,0.36,0.75,0.01,0.34,-0.84,0.26,-0.73,0.46,-0.85,0.64,0.31,0.9,-0.93,-0.64,
0.78,0.3,-0.33,0.88,0.71,0.95,0.99,0.45,-0.08,0.65,-0.34,0.06,-0.24,-0.89,-0.61,-0.23,-0.21,0.9,-0.42,-0.29,-0.62,0.17,0.85,
0.76,0.04,-0.24,-0.28,0.66,0.57,-0.36,-0.83,-0.83,-0.87,-0.83,-0.56,-0.93,0.4,-0.43,0.8,0.28,0.77,0.08,-0.18,-0.72,0.2,0.05,
0.02,-0.8,-0.08,0.36,-0.17,0.83,-0.19,-0.4,-0.25,0.42,-0.99,-0.02,-0.73,-0.82,-0.88,0.95,0.27,-0.08,-0.46,0.99,-0.51,0.33,-0.48,
-0.34,0.98,0.03,0.67,0.96,-0.11,0.48,-0.08,0.15,0.01,0.5,-0.09,-0.96,-0.71,-0.14,-0.37,-0.74,0.5,-0.84,-0.63,0.5,0.28,0.99,
-0.84,-0.53,-0.04,-0.95,0.73,0.95,0.86,0.74,0.06,-0.21,0.33,-0.78,-0.32,0.16,0.43,0.6,-0.66,-0.81,-0.09,0.45,-0.8,-0.81,-0.77,
-0.8,0.84,0.36,-0.25,-0.94,0.81,0.73,0.35,-0.15,-0.43,-0.87,0.49,-0.23,-0.43,-0.37,-0.93,0.39,-0.28,-0.52,0.29,0.81,-0.51,0.33,
0.06,-0.74,0.52,0.85,0.28,-0.94,-0.54,0.08,0.38,0.93,0.15,0.01,0.37,-0.67,0.62,0.21,0.53,0.88,-0.69,-0.95,0,0.14,0.47,
-1,-0.59,-0.02,0.56,0.8,0.55,-0.71,0.58,-0.45,-0.08,-0.28,-0.45,-0.95,-0.08,0.1,0.86,-0.6,-0.07,-0.23,-0.02,-0.42,-0.11,0.35,
0.21,0.86,0.65,-0.48,0.29,0.26,0.99,-0.62,0.07,-0.52,0.59,-0.07,0.67,-0.96,0.78,-0.08,-0.65,-0.11,0.57,-0.08,0.27,-0.38,0.28,
-0.45,-0.2,0.58,-0.52,0.44,-0.25,0.99,-0.59,-0.35,0.57,-0.68,0.32,-0.15,0.21,-0.27,0.5,0.83,0.85,0.19,0.13,-0.74,0.84,0.44,
0.91,-0.49,0.36,-0.09,0.63,-0.24,-0.84,0.96,0.39,-0.49,0.52,-0.53,-0.89,0.3,-0.37,-0.25,0.71,0.27,-0.47,-0.35,-0.07,-0.05,0.41,
-0.71,-0.77,-0.29,0.49,0,-1,-0.65,-0.11,0.1,-0.52,-0.02,0.72,-0.45,0.92,-0.18,0.77,-0.28,0.25,-0.76,0.14,0.63,0.67,0.71,
0.1,0.27,-0.21,0.06,-0.2,0.68,-0.68,0.22,0.26,0.39,0.48,-0.32,0.19,0.2,-0.74,-0.45,0.68,-0.59,0.99,-0.9,-0.27,0.78,0,
0.65,-0.01,-0.9,-0.86,0.52,-0.71,-0.27,0.47,0.71,0.36,0.86,0.95,-1,0.27,-0.73,0.09,-0.3,-0.81,-0.98,-0.15,0.6,-0.3,0.15,
0.14,-0.46,0.74,0.27,0.56,0.77,0.89,-0.61,-0.47,0.48,0.1,-0.11,-0.05,-0.42,-0.5,0.14,0.91,0.95,0.65,0.41,0.45,0.95,0.06,
0.71,-0.31,-0.88,0.98,-0.57,-0.84,-0.9,0.63,-0.08,0.89,-0.37,-0.33,-0.11,0.57,-0.91,-0.75,-0.48,0.65,0.85,0.38,-0.54,0.52,0.5,
0.13,0.33,-0.8,0.77,0.56,0.03,-0.83,0.21,0.13,0.67,0.59,-0.82,-0.55,0.42,0.27,-0.66,-0.54,-0.65,0.65,-0.16,-0.93,0.66,-0.96,
0.93,0,0.37,-0.73,0.95,0.51,-0.6,-0.05,0.15,-0.58,-0.49,-0.35,-0.86,-0.62,0.13,-0.11,-0.08,0.64,0.59,-0.57,-0.1,-0.91,0.7,
-0.43,0.28,0.51,0.69,-0.75,0.48,-0.74,0.91,-0.75,0.68,0.28,0.59,-0.6,0.3,0.17,-0.12,0.66,-0.73,0.81,0.95,0.35,0.39,-0.89,
0.95,0.07,0.39,0.94,0.65,-0.02,0.94,0.46,0.91,-0.21,0.4,0.66,0.26,-0.98,0.51,-0.09,-0.81,-0.58,-0.76,-0.97,0.9,-0.49,0.42,
-0.25,0.65,0.32,0.73,-0.74,0.66,0.48,-0.54,0.79,0,0.75,-0.63,-0.4,0.75,0.07,-0.32,-0.2,0.27,0.92,-0.7,0.3,-0.59,-0.61,
0.89,0.71,-0.01,0.77,0.6,-0.94,-0.95,-0.48,0.11,-0.66,0.36,-0.1,0.21,0.28,0.4,0.06,-0.67,-0.23,0.72,0.23,-0.16,0.38,-0.15,
-0.3,0.74,0.71,0.84,0.88,0.1,-0.96,0.95,-0.44,0.59,-0.58,0.98,0.41,-0.36,-0.91,0.56,0.79,0.9,-0.26,-0.75,0.98,0.91,-0.12,
0.32,0.52,-0.41,-0.17,-0.23,-0.19,-0.77,0.56,0.04,-0.4,0.46,0.14,-0.34,0.55,0.72,-0.32,-0.25,-0.47,-0.49,-0.2,0.81,0.75,0.35,
0.32,-0.95,-0.51,-0.43,-0.25,0.75,-0.25,0.84,-0.02,0.66,-0.93,-0.48,-0.25,-0.64,0.36,0.1,0.3,0.75,0,-0.53,-0.54,-0.7,-0.54,
0.92,0.86,-0.26,0.43,0.94,0.65,-0.68,0.5,0.59,0.82,0.81,-0.15,0.93,0.88,-0.41,0.34,0.14,0.98,0.4,-0.62,-0.97,0.66,0.32,
-0.27,-0.11,-0.73,-0.8,-0.14,0.41,0.67,-0.09,-0.64,-0.74,-0.54,0.92,-0.55,-0.88,0.12,0.58,0.62,0.68,-0.75,-0.05,0.59,0.1,-0.29,
-0.64,0.85,-0.86,-0.81,-0.09,-0.79,0.38,-0.56,-0.33,-0.98,-0.52,0.68,0.64,0.62,0.88,0.17,-0.42,0.33,-0.17,0.51,0.72,0.27,0.3,
-0.57,0.27,0.71,-0.92,0.39,-0.43,-0.12,0.21,0.78,-0.73,0.63,0.01,-0.57,0.98,0.49,0.12,-0.39,0.37,0.66,-0.73,-0.02,0.45,0.85,
0.15,-0.92,-0.73,0.38,-0.51,-0.05,-0.38,0.34,-0.98,0.8,0.65,0.3,0.76,0.25,-0.41,-0.37,0.68,-0.62,-0.29,-0.64,0.01,-0.96,0.79,
-0.48,0.49,-0.92,-0.05,0.94,-0.18,0.74,-0.65,-0.82,-0.16,-0.85,0.17,0.46,-0.7,0.56,0.2,-0.43,-0.14,0.8,0.5,0.9,0.52,-0.61,
0.26,-0.08,-0.07,-0.17,0.37,-0.71,0.28,0.91,0.62,-0.87,0.37,-0.53,-0.15,-0.12,-0.86,-0.21,-0.82,0.74,-0.13,0.23,-0.59,-0.87,0.12,
0.99,-0.61,-0.04,-0.32,-0.26,0.86,0.92,-0.36,0.2,-0.02,0.92,-0.62,0.13,-0.19,-0.71,-0.24,0.8,0.8,-0.47,0.96,-0.6,0.38,0.67,
-0.23,0.8,0.48,-0.24,0.46,-0.16,0.34,-0.72,-0.35,0.75,-0.06,0.64,-0.3,0.6,0.38,-0.94,-0.11,0.3,0.5,0.22,-0.55,-0.05,0.82,
-0.8,0.23,0.3,-0.91,0.42,-0.53,0.88,-0.53,-0.13,-0.28,0.96,-0.4,0.88,-0.14,0.86,0.89,0.34,-0.61,0.9,-0.74,-0.8,-0.25,0.4,
0.25,-0.98,0.85,-0.17,0.31,0.22,0.85,0.74,0.12,0.79,-0.41,-0.09,0.28,0.91,-0.28,0.94,-0.09,0.61,0.84,0.36,-0.12,0.58,0.95,
-0.79,-0.79,0.07,-0.32,-0.34,0.9,-0.36,-0.65,0.51,0.56,0.08,0.3,-0.56,0.68,0.45,0.3,0.91,0.69,0.13,-0.38,-0.71,0.93,0.28,
-0.44,0.32,-0.21,0.96,-0.57,0.92,0.77,-0.57,0.62,0.16,-0.93,-0.48,0.35,0.48,0.76,0.13,0.33,0.37,0.67,-0.58,0.78,0.01,0.26,
-0.14,0.84,0.59,0.02,-0.14,0.87,-0.67,-0.3,0.54,-0.84,0.12,0.7,-0.04,-0.33,-0.88,-0.86,-0.9,-0.27,0.05,-0.89,-0.68,0.04,-0.32,
0.52,0.89,-0.49,-0.26,0.81,0.26,0.71,0.26,0.08,0.85,-0.18,0.61,-0.42,0.62,0.06,0.75,0.25,-0.16,0.66,-0.21,-0.79,0.26,-0.13,
-0.72,0.91,0.07,0.13,0.86,0.2,-0.61,-0.77,-0.58,0.91,-0.69,0.4,0.78,-0.85,0.04,0.95,-0.54,-0.01,0.62,0.62,0.16,-0.33,0.66,
-0.25,0.51,-0.62,0.1,0.55,-0.51,-0.92,-0.87,-0.54,0.91,0.42,-0.77,-0.65,-0.36,-0.53,0.93,0.87,0.74,0.09,-0.8,0.44,-0.36,0.4,
0.82,0.24,-0.93,0.15,0.46,0.92,-0.21,-0.11,0.13,0.98,0.04,-0.74,0.37,-0.04,0.42,-0.02,-0.23,-0.26,0.42,-0.92,-0.71,0.89,0.47,
-0.05,-0.53,0.42,0.19,0.93,0.82,0.43,-0.47,-0.47,0.62,0.09,-0.93,-0.81,0.12,-0.66,-0.89,0.73,-0.16,-0.73,0.72,-0.84,-0.88,0,
-0.54,-0.17,0.67,-0.82,-0.27,0.36,-0.95,-0.43,-0.9,-0.75,-0.6,-0.52,-0.78,0.4,0.88,-0.18,0.37,-0.91,-0.25,0.18,0.67,0.8,0.49,
-0.75,-0.28,-0.77,-0.46,-0.02,0.37,0.06,-0.69,-0.22,0.52,0.81,0.93,0.34,-0.36,0.16,0.44,-0.46,-0.29,0.88,0.81,-0.85,-0.88,-0.14,
-0.46,-0.29,-0.24,0.85,0.78,-0.29,-0.78,-0.95,0.51,0.25,-0.06,-0.3,0.91,0.95,-0.6,-0.31,0.63,-0.92,0.9,-0.71,-0.7,0.66,-0.89,
-0.24,0.49,-0.72,-0.92,-0.75,0.33,-0.32,-0.3,0.73,0.09,-0.13,0.98,0.17,0.58,-1,0.02,0.11,-0.35,0.34,-0.87,-0.34,0.59,0.82,
-0.6,0.87,0.27,-0.35,0.58,-0.06,-0.25,0.38,-0.99,0.53,-0.64,-0.1,-0.22,0.03,0.6,-0.53,0.35,0.88,-0.44,0.38,-0.62,0.96,-0.05,
0.53,0.81,-0.11,-0.92,0.81,0,0.25,0.19,-0.88,-0.49,0.48,0.15,-0.11,-0.12,-0.38,-0.42,-0.42,0.71,-0.41,0.97,0.86,0.69,0.43,
