0.75,-0.07,-0.2,-0.4,-0.85,0.48,0.21,0.05,0.65,-0.06,0.52,0.27,0.51,-0.51,-0.59,0.64,
-0.77,-0.79,0.66,-0.32,0.27,0.19,-0.84,-0.12,-0.26,0.71,0.59,-0.66,-0.62,-0.15,0,-0.21,
0.67,-0.67,-0.87,-0.3,-0.06,-0.07,-0.99,-0.19,0.14,0.31,-0.8,-0.42,0.41,-0.33,0.65,-0.92,
0.54,-0.92,-0.85,-0.27,0.57,-0.51,0.73,0.85,0.8,0.71,-0.67,0.56,0.88,0.49,0.74,0.37,
-0.04,0.65,0,0.05,-0.22,-0.91,0.49,0.5,-0.35,-0.59,0.82,-0.38,0.58,0.39,-0.37,0.22,
-0.03,0.18,-0.05,-0.98,0.68,-0.89,-0.74,0.16,-0.48,0.84,-0.08,0.4,-0.89,0.92,-0.34,0.98,
0.84,-0.52,-0.13,-0.5,-0.45,0.22,-0.56,0.6,0.07,-0.45,-0.64,0.96,-0.49,-0.27,0.35,-0.01,
0.65,-0.53,-0.47,-0.29,-0.67,-0.79,0.18,0.1,-0.5,-0.73,0.19,-0.1,-0.12,-0.4,0.84,-0.07,
-0.35,0.06,0.56,0.56,-0.59,-0.61,0.92,-0.06,-0.28,-0.29,0.19,-0.88,-0.01,-0.07,0.33,-0.26,
-0.87,-0.48,0.39,0.91,-0.53,0.11,-0.9,0.78,0.1,-0.9,-0.96,0.65,-0.07,0.54,-0.77,0.27,
0.14,-0.02,0.23,-0.07,0.17,-0.83,0.11,-0.52,0.34,0.84,-0.29,-0.87,-0.94,-0.92,-0.04,-0.12,
-0.26,0.23,-0.29,-0.74,0.39,0.29,0.19,-0.7,-0.51,0.11,0.37,-0.14,-0.03,0.55,-0.99,-0.89,
0.24,-0.18,-0.54,-0.79,0.54,-0.38,-0.9,0.91,0.51,0.54,-0.65,-0.69,0.41,0.04,-0.5,0.57,
-0.74,-0.14,-0.26,0.38,-0.08,0.07,-0.57,-0.42,0.94,-0.6,-0.21,-0.07,0.32,0.57,-0.16,-0.02,
-0.06,0.45,-0.88,-0.07,0.21,0.27,-0.83,0.63,0.86,0.73,0.57,-0.81,0.67,-0.14,0.05,0.04,
0.27,-0.09,0.72,-0.64,-0.1,-0.79,-0.3,-0.45,-0.83,0.75,-0.06,0.85,0.91,-0.91,0.29,0.48,
0.36,0.43,-0.16,-0.79,-0.2,0.16,-0.88,0.48,0.52,-0.99,-0.49,-0.75,0.08,-0.25,-0.06,-0.42,
0.77,0.64,-0.39,-0.73,0.09,0.36,-0.9,-0.07,0.67,0.22,0.5,0.54,0.61,0.04,0.44,0.28,
-0.26,0.97,0.59,-0.64,0.21,0.17,0.3,-0.68,-0.29,-0.38,-0.62,-0.2,0.81,-0.62,0.68,-0.42,
-0.78,-0.45,0.4,0.41,-0.78,-0.74,-0.78,0.79,0.07,0.55,0.5,0.13,-0.74,0.85,-0.43,0.1,
-0.55,-0.75,-0.31,0.3,0.32,0.31,0.57,-0.82,0.78,0.81,-0.62,0.13,-0.99,-0.38,-0.35,-0.19,
-0.12,0.18,-0.89,0.3,-0.4,-0.15,0.53,-0.02,0.09,-0.19,0.67,0.02,0.63,-0.89,0.47,-0.21,
0.92,0.8,-0.14,0.85,0.91,0.4,-0.65,-0.28,0.82,-0.24,-0.89,0.08,-0.92,-0.55,0.43,-0.22,
0.1,0.04,0.44,-0.97,0.19,-0.45,-0.64,-0.91,0.57,0.71,0.45,-0.2,-0.89,-0.76,0.83,0.23,
-0.56,0.1,-0.19,-0.61,0.08,0.78,0.89,-0.25,0.09,0.72,0.16,0.36,-0.25,0.38,0.8,0.78,
0.69,-0.71,0.48,-0.36,-0.12,-0.74,0.91,0.77,0.48,0.63,0.64,0.68,0.7,-0.85,-0.79,0.05,
0.67,0.68,-1,0.88,-0.81,-0.41,-0.33,0.78,0.26,-0.78,0.87,-0.71,0.29,-0.95,-0.62,-0.55,
-0.12,0.41,0.02,-1,0.18,-0.64,-0.75,-0.26,-0.1,0.6,-0.28,0.09,0.36,-0.44,0.65,0.94,
