0.98,-0.15,-0.97,0.15,0.42,0.98,0.45,0.3,0.8,0.4,0.46,0.14,-0.35,-0.73,0.27,0.18,-0.1,0.46,-0.48,-0.96,-0.38,-0.24,-0.4,-0.93,-0.42,-0.34,0.51,0.82,-0.39,-0.17,-0.27,-0.15,0.92,-0.37,0.89,0.23,0.85,0.44,-0.1,-0.4,-0.04,0.06,0.96,0.2,0.6,-0.47,-0.7,0.64,-0.1,0.29,
-0.21,-0.77,-0.61,0.77,-0.81,0.59,-0.23,0.14,0.48,0.41,0.64,-0.7,0.43,0.34,-0.99,0.48,-0.32,-0.65,0.07,0.71,-0.43,-0.32,0.72,0.03,0.82,-0.51,-0.99,0.62,0.18,-0.19,0.98,-0.93,0.48,0.58,0.4,0.63,0.64,0.6,0.88,-0.07,0.56,0.21,-0.75,0.19,0.38,0.69,-0.51,0.57,0.2,0.64,
0.64,-0.94,0.18,-0.04,-0.91,0.61,-0.38,0.47,-0.24,0.14,-0.62,0.57,-0.96,0.24,-0.11,0.45,-0.23,-0.83,-0.61,-0.98,-0.91,-0.2,0.99,-0.88,-0.56,-0.21,-0.42,0.44,-0.68,0.93,-0.43,-0.32,0.66,0.53,-0.43,0.86,-0.3,-0.28,0.58,-0.92,0.61,-0.56,-0.21,-0.2,0.41,-0.19,0.92,-0.28,-0.83,-0.72,
0.01,-0.23,-0.42,-0.54,-0.38,0.8,-0.63,0.81,0.81,0.46,0.81,0.53,0.84,-0.72,0.03,-0.78,-0.97,0.45,-0.71,0.17,-0.46,0.74,-0.84,-0.44,0.43,-0.66,-0.59,0.34,0.77,0.08,-0.5,-0.41,0.17,-0.59,-0.12,0.48,0.27,0.79,-0.57,0.7,0.33,0.26,-0.98,0.57,0.32,-0.31,-0.75,0.94,-0.72,-0.88,
0.56,-0.68,-0.08,-0.93,-0.76,0.03,0.44,0.39,-0.92,-0.34,0.22,-0.01,-0.54,0.83,-1,0.83,-0.74,-0.63,0.01,0.75,-0.12,0.65,-0.82,-0.3,-0.39,-0.88,-0.71,0.65,-0.02,-0.68,-0.5,-0.07,0.64,-0.52,0.46,0.14,-0.49,0.05,-0.26,-0.88,0.13,0.82,-0.95,0.83,0.34,0.44,-0.96,0.57,-0.66,-0.13,
-0.47,-0.5,0.46,0.91,0.46,0.61,0.03,-0.78,-0.32,0.74,0.07,0.98,-0.69,-0.41,0.65,0.5,-0.85,0.5,0.51,0.57,-0.33,-0.65,-0.3,0.78,0.62,-0.62,0.93,-0.39,-0.01,0.16,0.42,0.62,-0.51,-0.65,-0.5,-0.84,0.11,-0.85,0.04,-0.23,0.28,0.34,-0.41,0.32,0.46,-0.22,0.75,-0.19,0.96,0.57,
0.65,0.32,0.74,-0.43,0.89,0.41,-0.77,0.62,-0.43,0.59,0.33,0.81,0.51,0.51,-0.52,0.46,-0.84,-0.21,-0.84,0.12,-0.21,0.26,-0.43,0.03,0.16,0.47,0.8,-0.14,0.45,-0.58,0.12,-0.78,-0.48,0.73,0.52,0.27,0.19,-0.53,0.5,0.7,-0.24,0.73,0.6,0.34,0.33,0.34,0.71,0.43,0.47,-0.71,
0.1,0,-0.55,-0.24,-0.04,0.84,-0.8,0.31,0.96,-0.49,0.01,-0.75,0.47,-0.51,-0.06,-0.03,0.7,0.56,0.8,-0.35,-0.05,-0.79,-0.4,0.76,-0.14,0.29,0.28,-0.22,-0.35,0.06,-0.31,0.53,0.19,-0.09,-0.41,0.89,-0.88,0.28,0.4,-0.89,0.7,-0.95,-0.35,0.09,-0.87,0.9,-0.43,-0.36,-0.87,-0.77,
-0.73,0.55,-0.92,-0.71,0.99,0.51,0.91,-0.55,-0.2,-0.52,-0.58,0.95,0.88,0.48,-0.86,0.65,-0.93,0.85,-0.31,-0.27,-0.4,0.87,-0.78,0.48,0.34,0.02,-0.13,0.81,-0.06,-0.27,-0.91,-0.26,0.18,0.64,-0.33,-0.83,-0.62,-0.49,-0.67,-0.35,-0.32,-0.09,0.74,0.54,0.37,0.49,0.44,0.3,-0.82,0.77,
-0.09,-0.98,-0.8,-0.95,-0.51,0.45,0.4,0.33,0.04,-0.93,-0.23,0.65,-0.08,-0.16,-0.17,0.33,0.75,-0.03,-0.92,0.08,0.82,-0.29,-0.23,0.84,0.26,-0.61,0.64,-0.31,-0.29,0.63,0.87,0.33,-0.69,-0.17,-0.25,-0.22,0.94,-0.1,-0.18,-0.1,0.61,-0.34,0.66,-0.49,-0.52,-0.72,-0.81,0.25,-0.31,-0.07,
-0.37,-0.43,0.89,0.74,-0.41,0.59,0.61,0.95,-0.63,0.55,-0.34,0.74,0.16,-0.88,0.36,0.96,-0.25,-0.35,0.45,-0.2,0.7,0.16,-0.52,-0.93,-0.27,0.56,-0.96,0.48,-0.06,-0.71,-0.25,0.09,-0.59,-0.57,-0.21,-0.46,-0.3,-0.61,0.36,0.4,0.79,0.36,0.45,0,0.07,-0.38,0.51,0.41,0.14,0.64,
0.35,-0.56,0.06,0.8,-0.45,-0.37,0.97,-0.61,-0.67,0.87,-0.88,0.57,-0.16,0.37,-0.69,-0.19,0.23,0.19,-0.3,0.36,-0.35,-0.17,0.99,-0.24,-0.95,-0.14,-0.35,-0.39,-0.57,-0.7,0.45,0.43,0.39,0.08,0.71,-0.27,-0.7,0.76,0.23,-0.95,-0.14,0.13,0.48,-0.24,-0.55,-0.18,0.13,0,0.37,-0.51,
0.22,-0.08,-0.7,0.45,0.93,-0.54,-0.47,-0.34,0.34,0.02,0.8,0.6,0.04,-0.49,0.81,-0.34,-0.23,0.8,0.16,0.79,0.23,-0.39,-0.41,0.34,-0.21,0.14,-0.6,-0.06,0.51,0.63,-0.51,0.16,0.23,-0.04,-0.61,-0.72,-0.59,-0.05,0.37,0.46,-0.42,-0.24,0.86,-0.91,0.5,-0.6,-0.06,0.72,0.43,0.73,
-0.52,-0.51,0.89,0.92,-0.76,-0.82,-0.14,0.2,-0.24,-0.22,0.6,0.11,0,-0.36,0.77,-0.29,-0.1,0.18,-0.21,0.42,-0.42,0.97,-0.8,-0.39,-0.14,-0.98,-0.39,-0.31,0.89,0.56,0.23,-0.17,0.97,0.13,-0.35,0.9,0.02,-0.3,0.18,-0.3,0.53,-0.81,-0.86,-0.77,0.05,0.97,0.56,0.91,-0.83,0.5,
0.95,-0.16,0.19,-0.82,-0.95,0.93,0.27,-0.16,0.31,0.07,0.54,0.69,-0.29,0.99,0.52,-0.9,-0.86,-0.14,0.88,-0.76,0.3,0.95,0.04,-0.49,0.67,0.56,0.61,0.55,-0.32,-0.44,-0.89,0.07,-0.72,0.21,0.76,0.47,0.02,-0.99,-0.79,-0.87,0.13,0.93,-0.06,-0.66,0.16,-0.36,0.07,-0.3,0.57,0.85,
-0.41,0.13,0.45,-0.84,0.2,-0.45,0.64,-0.3,0.38,-0.89,-0.43,-0.09,-0.43,-0.45,0.07,0.96,0.89,0.83,0.01,0.33,-0.59,-0.05,0.43,0.12,0.52,0.05,0.54,0.82,0.42,0.96,-0.38,0.34,-0.03,0.38,0.54,-0.88,0.53,-0.68,0,0,0.26,0.31,0.7,0.43,0.7,0.77,-0.2,0.25,-0.29,0.9,
0.3,0.32,0.86,-0.12,0.09,0.83,0.52,-0.63,0.85,0.47,-0.29,0.8,0.21,-0.14,0.36,0.29,-0.78,-0.44,-0.8,-0.39,0.93,-0.77,-0.15,0.89,0.28,0.18,0.26,-0.67,0.79,0.33,0.73,0.68,-0.45,-0.37,0.2,0.62,0.22,-0.29,0.98,-0.54,0.76,0.09,-1,0.58,0.1,0.68,0.2,0.19,-0.87,0.4,
-0.36,-0.63,0.77,-0.78,0.89,-0.85,0.15,-0.55,-0.7,-0.93,-0.08,-0.48,0.6,-0.87,-0.26,0.81,0,0.72,0.12,-0.52,-0.65,-0.16,-0.99,0.08,-0.04,-0.82,-0.07,0.17,-0.69,-0.63,-0.69,0.83,-0.47,-0.58,0.1,0.54,0.92,0.79,-0.09,0.1,-0.2,0.23,-0.42,-0.83,0.43,-0.79,-0.39,0.67,-0.23,-0.78,
0.25,-0.11,0.9,0.35,-0.98,0.77,0.92,-0.04,-0.15,0.73,-0.93,0.78,0.48,-0.74,0.56,-0.33,0.34,0.86,0.26,-0.21,-0.53,-0.75,0.03,-0.71,-0.62,-0.55,-0.26,0.2,-0.14,-0.08,0.31,-0.05,-0.66,0.47,-0.36,-0.2,0.24,0.4,0.74,0.12,0.91,0.19,-0.44,-0.63,0.71,0,0.31,-0.76,-0.58,-0.13,
0.97,0.49,-0.51,0.9,0.2,0.81,0.44,0.51,0.21,-0.62,-0.39,0.17,0.02,0.93,0.9,0.81,-0.92,0.65,0.83,0.4,0,-0.02,-0.01,0.79,-0.36,-0.6,-0.87,0.66,-0.31,0.05,0.85,-0.27,0.27,0.16,-0.05,0.95,0.17,0.23,0.76,-0.68,-0.39,0.36,-0.32,0.94,-0.05,-0.65,0.39,-0.76,0.1,-0.93,
0.62,-0.5,0.14,-0.3,0.53,-0.49,-0.99,0.46,0.54,0.99,0.19,0.5,0.65,0.27,0.15,-0.88,-0.1,-0.41,-0.31,-0.2,-0.14,-0.44,0.49,-0.32,0.86,-0.02,0.41,0.17,-0.61,-0.17,0.78,0.82,0.51,-0.71,0.59,0.97,-0.2,-0.64,-0.58,0.47,-0.18,-0.92,-0.73,0.83,-0.32,0.46,0.7,0.97,-0.26,-0.48,
0.84,0.22,0.13,-0.06,0.85,-0.73,-0.62,-0.7,-0.03,-0.13,0.08,-0.29,-0.39,-0.97,0.4,-0.7,0.71,0.89,-0.02,-0.83,0.8,-0.01,0.49,0.2,-0.36,-0.24,0.03,0.29,0.15,0.67,-0.14,-0.93,-0.05,0.06,-0.17,-0.02,-0.5,-0.62,0.77,-0.55,0.86,0.78,0.12,-0.88,0.18,0.8,-0.42,-0.4,0.82,0.11,
0.41,0.12,-0.54,-0.42,0.79,0.2,0.66,0.17,0.66,-0.47,-0.54,0.14,0.76,-0.25,-0.67,0.05,0.06,0.57,-0.69,-0.81,0.31,0.92,0.2,0.32,0.71,-0.67,-0.79,0.55,-0.99,-0.12,0.53,-0.24,0.3,0.45,0.52,0.12,-0.01,0.84,-0.7,-0.9,-0.99,0.65,-0.57,-0.7,0.9,0.36,-0.14,-0.63,-0.85,0.67,
-0.04,-0.72,-0.72,0.1,-0.89,-0.54,0.27,0.02,0.55,-0.29,0.68,-0.99,0.71,-0.9,-0.59,-0.15,-0.1,0.49,0.74,-0.53,0.11,-0.24,0.11,0.22,0.63,0.39,-0.51,0.92,0.75,0.04,0.61,0.67,-0.06,0.84,-0.33,0.6,0.32,-0.04,-0.26,0.33,-0.53,0.99,-0.67,-0.84,-0.8,-0.41,-0.99,0.4,-0.71,0.53,
-0.96,0.34,-0.02,0.45,-0.82,0.23,-0.95,-0.35,-0.59,0.37,0.79,0.93,-0.5,0.66,-0.2,0.02,-0.51,-0.38,0.14,-0.57,0.26,0.39,0.69,0.81,-0.66,-0.63,0.09,-0.54,-0.4,0.25,-0.52,-0.56,-0.07,0.56,0.33,0.39,0.92,0.69,-0.18,-0.04,-0.78,-0.49,0.06,0.67,0.04,-0.48,0.9,-0.28,-0.53,0.27,
-0.15,-0.07,-0.51,-0.17,-0.27,0.2,0.48,0.59,-0.24,0.14,-0.52,0.6,0.71,-0.93,0.12,-0.1,0.3,-0.12,0.62,-0.24,-0.51,-0.11,-0.77,0.11,-0.39,-0.56,-0.64,-0.52,0.05,0.41,-0.66,0.87,0.34,-0.6,0.96,-0.42,-0.12,-0.12,-0.13,0.67,-0.4,0.53,0.9,0.11,-0.29,-0.44,-0.93,0.27,-0.11,-0.58,
-0.61,-0.41,-0.58,0.94,0.41,0.81,0.39,-0.77,0.42,0.22,0.84,-0.07,0.57,-0.65,0.8,0.87,-0.94,0.07,0.89,0.89,-0.97,0.72,-0.5,-0.98,0.58,-0.2,-0.09,-0.59,-0.12,-0.08,0.76,-0.69,-0.75,-0.21,0.41,0.32,0.77,0.48,0,0.84,-0.94,0.15,0.31,-0.92,-0.05,-0.13,0.99,0.89,-0.59,-0.24,
0.29,-0.45,0.12,-0.93,-0.6,0.17,0.12,-0.89,0.27,-0.6,0.72,0.93,-0.83,-0.99,-0.94,0.03,0.71,-0.44,-0.99,-0.08,-1,-0.45,0.64,-0.25,-0.42,0.66,0.99,-0.86,0.68,0.52,0.79,0.17,-0.65,0.9,-0.95,-0.36,0.81,-0.34,-0.01,-0.43,0.48,-0.29,-0.89,0.65,-0.01,-0.53,0.2,0.72,-0.33,-0.87,
-0.79,0.51,0.2,0.16,-0.93,-0.43,-0.38,-0.53,-0.78,-0.19,-0.46,0.95,-0.15,0.6,-0.49,-0.74,0.07,0.58,-0.82,0.05,0.53,-0.59,0.37,0.08,-0.72,-0.99,-0.61,-0.19,-0.07,0.65,0.09,0.86,-0.85,-0.5,-0.97,0.59,0.44,-0.78,-0.22,0.63,0.24,-0.92,0.53,-0.46,-0.21,0.38,0.29,-0.73,0.14,0.61,
0.26,-0.34,0.6,0.64,-0.14,-0.35,-0.19,0.48,0.8,-0.37,-0.3,-0.25,-0.75,0.93,-0.39,0.76,0.22,-0.04,-0.6,-0.27,0.23,-0.1,0.29,0.06,-0.11,0.44,-0.67,-0.7,0.02,0.93,-0.1,0.7,-0.59,-0.31,-0.75,-0.34,-0.64,0.17,-0.68,-0.85,0.94,-0.68,-0.18,-0.06,-0.84,0.45,0.44,0.67,-0.25,0.83,
0.08,0.55,-0.09,0.73,-0.31,0.75,0.83,-0.65,0.7,0.13,0.77,-0.8,0.7,0.05,-0.41,0.47,0.08,0.94,-0.66,-0.93,0.78,-0.03,-0.18,0.5,-0.49,-0.39,-0.66,-0.11,-0.84,0.91,0.93,0.97,0.19,-0.8,0.2,-0.5,0.75,0.44,-0.18,0.43,0.72,0.18,-0.89,-0.63,-0.4,-0.23,0.09,0.46,-0.12,-0.31,
0.76,0.77,-0.77,-0.49,0.38,-0.43,0.11,0.53,-0.31,-0.97,-0.31,0.05,-0.03,0.6,-0.04,0.23,0.62,-0.02,0.85,-0.71,0.63,0.3,0.33,-0.97,-0.66,0.38,0.66,-0.13,0.74,-0.01,-0.7,0.86,0.35,-0.34,0.34,-0.48,-0.48,-0.29,-0.45,0.53,-0.73,0.66,0.27,-0.79,-0.95,-0.91,-0.22,-0.67,0.11,0.9,
0.37,0.01,0.61,0.09,0.74,0.76,-0.76,0.17,-0.99,-0.37,-0.3,-0.13,-0.13,-0.18,-0.39,0.14,-0.11,0.73,0.44,-0.67,0.95,-0.46,-0.09,0.54,-0.15,-0.9,0.96,-0.99,0.62,-0.47,-0.27,0.96,-0.92,0.61,0.08,0.44,-0.69,0.82,-0.95,0,-0.23,-0.16,0.42,-0.32,-0.03,0.33,0.17,-0.75,-0.7,-0.62,
0.57,-0.37,0.95,-0.45,-0.78,-0.93,0.77,-0.99,0.1,-0.3,0.64,-0.69,0.68,0.9,0.41,0.28,0.32,0.47,-0.05,0.41,-0.93,0.45,0.46,0.26,-0.07,-0.08,-0.15,0.22,-0.24,0.03,-0.62,-0.7,-0.33,-0.03,-0.3,-0.71,-0.42,-0.3,0.05,0.45,0.16,0.38,-0.16,-0.11,-0.1,0.39,0.22,-0.17,0.54,0.11,
0.44,-0.56,0.76,-0.57,0.27,0.18,0.23,0.81,0.94,-0.27,0.24,-0.15,-0.03,0.58,-0.58,0.2,0.26,-0.77,0.85,-0.55,-0.94,0.87,-0.55,0.72,0.77,0.53,-0.19,0.46,0.33,0.94,0.25,0.78,-0.6,-0.72,0.35,-0.51,-0.55,-0.16,0.93,-0.19,-0.42,-0.49,0.56,0.37,0.27,-0.15,0.79,-0.02,0.53,0.58,
0.63,0.73,-0.77,0.9,0.21,-0.81,-0.15,0.59,-0.39,-0.87,-0.37,0.56,-0.79,0.74,0.68,0.32,-0.47,-0.15,0.24,0.35,0.9,-0.53,-0.41,-0.36,0.16,-0.72,-0.84,-0.64,-0.63,-0.51,0.6,0.62,0.67,0.58,0.34,0.47,-0.04,-0.83,0.66,0.16,0.24,0.39,0.04,-0.82,0.15,0.05,-0.36,-0.95,-0.59,-0.94,
0.64,-0.28,-0.66,-0.45,0.34,-0.77,0.89,0.91,-0.41,0.22,0.36,-0.97,-0.9,0.38,0.81,0.05,0.53,-0.26,0.55,0.09,-0.31,0.76,-0.84,0.24,0.84,0.55,0.74,-0.71,0.52,-0.62,-0.09,0.64,-0.71,0.9,0.01,0.93,-0.57,-0.51,-0.94,-0.44,0.85,-0.2,0.57,-0.58,-0.11,-0.05,-0.31,0.8,-0.35,0.06,
0.37,-0.37,0.61,0.94,0.2,-0.36,0.67,0.67,-0.38,-0.84,-0.61,0.92,-0.96,0.11,-0.45,0.38,0.68,0.32,0.94,-0.3,0.75,-0.43,-0.74,-0.62,-0.89,-0.39,0.95,-0.84,0.04,-0.11,0.58,0.07,0.47,-0.45,0.64,-0.66,-0.95,0.59,-0.8,0.44,-0.32,0.56,0.91,0.39,-0.74,0.99,0.13,-0.41,-0.34,0.62,
-0.5,-0.15,0.53,-0.12,-0.14,0.47,-0.34,0.39,0.22,-0.06,0.41,-0.06,-0.12,0.99,0.52,0.49,0.49,0.7,0.09,0.69,-0.2,0.64,0.42,-0.84,-0.46,0.9,0.51,-0.24,0.48,-0.5,-0.4,-0.49,0.96,-0.3,-0.97,-0.21,0.01,-0.53,-0.42,-0.3,0.08,-0.76,0.08,0.65,0.83,0.23,0.76,0.21,-0.25,0.11,
-0.41,0.58,0.55,0.31,0.67,0.16,0.65,0.62,-0.17,0.58,0.36,0.35,0.73,0.49,-0.99,-0.9,-0.31,0.56,0.82,0.4,-0.88,0.65,-0.82,-0.21,0.81,0.33,0.38,-0.18,-0.57,0.31,-0.77,0.48,0.16,0.5,-0.79,0.74,0.16,-0.44,-0.89,-0.86,0.33,-0.07,-0.71,-0.75,-0.07,-0.75,-0.13,0.93,-0.6,-0.19,
0.06,-0.85,0.83,-0.84,-0.01,0.07,-0.51,0.25,0.22,-0.34,0.7,0.87,0.93,-0.61,0.94,-0.26,0.26,-0.55,0.59,-0.8,0.38,0.15,-0.71,0.62,-0.25,-0.75,0.64,-0.05,-0.7,-0.5,0.47,-0.87,0.21,-0.81,0.24,-0.37,0.21,-0.41,0.44,-0.93,-0.29,-0.09,0,-0.19,0.36,-0.84,-0.88,0.2,0.17,0.51,
0.27,-0.92,0.36,0.68,-0.25,-0.57,0.29,-0.7,-0.01,0.91,0.28,-0.46,-0.62,-0.92,0.47,0.9,0.78,0.3,0.7,-0.04,-0.6,-0.58,-0.43,-0.7,-0.58,-0.14,0.26,-0.76,0.06,0.13,-0.16,-0.4,-0.55,0.32,0.91,0.58,-0.12,0.14,0.84,-0.11,-0.35,0.62,-0.41,0.8,-0.67,-0.1,0.36,-0.12,0.85,-0.11,
-0.45,0.53,0.95,-0.46,-0.76,0.15,-0.74,-0.44,0.53,0.11,0.89,0.1,0.13,0.98,0.67,0.92,0.33,-0.63,-0.73,-0.15,-1,0.13,-0.38,0.02,0.28,-0.15,0.33,-0.17,-0.53,-0.66,0.45,-0.71,0.04,-0.29,-0.28,0.71,0.15,-0.35,0.18,-0.35,0.3,0.32,0.48,0.97,0.97,-0.58,0.76,0.64,-0.82,-0.32,
0.64,0.66,-0.59,0.35,0.15,0.25,-0.77,-0.76,0.53,0.07,-0.26,0.72,0.23,-0.48,0.97,-0.99,0.84,0.85,-0.17,-0.75,0.74,-0.05,-0.11,0.52,0.51,-0.68,0.99,-0.01,0.81,0.12,-0.12,-0.81,0.16,0.63,-0.25,-0.89,-0.53,0.25,0.52,0.34,-0.86,-0.18,-0.21,0.33,0.74,-0.21,-0.31,-0.36,0.85,-0.12,
0.44,0.3,0.12,-0.8,-0.54,0.06,-0.53,0.98,0.53,-0.69,0.2,-0.55,-0.31,-0.97,0.78,-0.14,-0.63,0.88,0.06,-0.2,-0.57,-0.45,-0.81,-0.04,-0.69,0.1,0.87,0.11,-0.26,-0.09,-0.22,0.69,0.54,0.41,-0.86,-0.46,-0.92,-0.25,-0.09,0.82,-0.43,0.9,0.6,-0.11,-0.57,-0.64,0.9,0.74,0.36,0.38,
-0.63,0.81,0.75,-0.98,-0.2,0.65,-0.35,0.82,-0.28,0.3,-0.5,0.87,0.4,-0.18,0.37,-0.27,-0.12,0.99,-0.67,-0.26,0.87,-0.98,0.84,0.21,-0.71,-0.46,-0.92,0.42,0.69,0.3,0.81,0.91,-0.21,-0.65,-0.14,-0.68,0.57,-0.58,-0.77,0.9,-0.93,0.37,0.26,-0.04,-0.39,-0.16,0.56,0.67,0,-0.62,
-0.05,-1,-0.53,-0.59,0.1,0.92,-0.84,0.94,0.17,0.19,-0.91,-0.4,-0.83,-0.04,-0.68,-0.32,-0.38,-0.28,-0.81,0.41,-0.53,0.97,0.28,0.81,0.81,0.37,0.44,0.28,0.09,-0.77,-0.48,-0.65,0.95,0.17,-0.68,0.15,-0.89,-0.42,0.04,0.51,0.77,-0.58,-0.11,-0.01,-0.37,-1,0.93,0.51,-0.92,-0.73,
0.13,-0.2,-0.18,0.88,-0.03,-0.07,-0.51,-0.29,0.01,0.32,0.62,0.6,0.03,-0.62,0.81,-0.68,-0.23,-0.28,0.03,0.04,0.73,0.8,0.5,0.89,0.9,0.83,0.02,-0.32,-0.51,0.4,0.87,-0.6,-0.69,0.69,0.12,-0.25,-0.56,-0.84,-0.2,0.29,0.57,-0.18,-0.8,-0.73,-0.62,-0.93,0.24,-0.74,-0.69,0.92,
0.69,-0.99,-0.36,0.84,0.78,-0.2,0.78,0.12,0.25,0.59,0.2,0.71,0.45,-0.68,-0.54,-0.42,0.21,0.93,-0.12,-0.84,0.16,-0.12,-0.85,0.6,-0.09,-0.77,-0.92,0.9,-0.18,0.22,-0.79,0.55,0.3,-0.86,0.43,0.17,-0.7,-0.55,-0.72,-0.46,0.89,-0.13,0.5,0.64,-0.2,-0.41,-0.95,-0.43,0.01,0.98,
-0.54,-0.32,0.15,-0.73,0.87,-0.84,0.18,-0.55,0.89,0.47,-0.39,-0.51,0.83,0.05,-0.9,-0.06,0.09,0.14,0.22,-0.51,0.24,-0.27,0.26,-0.08,-0.16,-0.45,-0.19,-0.12,-0.32,-0.2,0.07,-0.57,-0.71,0,-0.78,-0.65,-0.98,-0.68,-0.85,-0.24,-0.47,-0.46,-0.38,0.42,0.01,0.86,0.69,0.22,0.19,0.59,
-0.38,-0.3,-0.33,-0.66,-0.36,0.04,-0.11,-0.72,-0.48,0.6,0.08,0.34,-0.31,-0.68,0.73,0.2,-0.32,0.44,0.94,-0.1,0.64,0.25,-0.67,0.35,0.97,0.46,0.68,0.75,0.03,-0.34,0.91,-0.8,-0.27,-0.08,-0.68,0.67,0.07,-0.92,-0.71,0.47,0.21,0.86,0.07,0.95,0.85,0.97,-0.54,0.52,0.75,0.53,
-0.86,0.01,-0.14,-0.77,0.92,0.66,0.38,-0.88,0.91,-0.54,-0.89,0.17,-0.24,0.45,0.01,0.71,0.4,-0.99,0.58,0.19,-0.03,0.97,-1,0.91,-0.4,-0.3,-0.45,-0.76,0.45,-0.96,-0.23,0.43,-0.81,-0.91,-0.95,0.63,-0.5,-0.64,-0.96,0.97,0.86,-0.59,0.98,-0.4,-0.53,0.98,0.44,0.7,0.89,-0.35,
-0.74,-0.34,-0.88,-0.6,0.52,0.66,0.4,0.69,0.53,-0.4,0.25,0.64,0.67,0.29,-0.17,-0.06,0.44,0.21,0.28,0.83,0.08,0.01,-0.18,-0.7,0.69,0.66,0.74,-0.41,0.87,0.93,0.57,0.17,-0.45,0.8,-0.77,0.58,-0.02,0.84,0.97,0.63,0.18,-0.61,-0.97,0.04,0.89,-0.28,-0.79,0.64,-0.99,0.04,
0.69,-0.03,-0.58,0.95,0.18,-0.77,-0.35,-0.32,-0.09,0.92,0.66,-0.11,0,0.19,-0.07,-0.25,-0.6,-0.55,0.42,-0.8,-0.06,0.56,-0.39,0.22,0.94,0.76,0.75,-0.65,0.62,0.63,0.42,-0.27,0.81,0.12,-0.46,0.28,-0.54,0.86,-0.99,-0.79,0.58,0.42,-0.28,-0.58,-0.84,0.25,0.56,0.91,-0.67,-0.21,
-0.56,-0.09,-0.28,-0.47,-0.05,0.24,-0.98,-0.15,0.08,-0.73,0.76,0.63,-1,0.79,0.33,0.82,-0.84,0.87,0.63,0.93,0.92,-0.98,-0.7,-0.33,-0.81,-0.89,-0.81,-0.03,0.31,-0.75,0.38,0.54,0.8,-0.79,-0.19,0.88,0.72,-0.79,-0.01,0.81,0.26,0.27,-0.5,-0.96,0.83,0.99,-0.12,-0.59,0.12,0.65,
-0.24,-0.89,-0.47,-0.49,0.87,0.44,0.65,0.33,0.97,0.22,-0.24,-0.67,0.77,0.12,0.81,-0.91,-0.81,-0.02,-0.56,-0.21,0.82,-0.34,-0.49,-0.44,0.09,0.27,-0.01,0,-0.62,0.39,0.17,0.33,0.69,-0.61,-0.91,0.91,-0.23,0.66,-0.69,-0.21,-0.16,-0.12,0.49,0.26,0.12,0.12,-0.68,0.28,-0.06,0.83,
0.34,0.83,-0.26,0.86,-0.4,0.1,0.63,-0.98,0.23,0.71,0.04,-0.57,0.92,0.32,-0.25,-0.85,-0.16,0.42,-0.63,0.71,0.53,-0.66,0.94,-0.17,-0.85,-0.59,-0.78,-0.75,-0.63,0.21,0.93,-0.24,-0.64,0.84,-0.05,0.43,0.84,-0.76,0.63,0.98,-0.28,0.96,0.65,-0.99,0.85,0.46,-0.99,-0.66,-0.94,0.77,
-0.98,0.85,-0.81,-0.15,0.18,-0.42,0.37,0.69,0.88,0.09,-0.8,-0.87,-0.88,-0.93,-0.88,-0.52,-0.7,0.83,0.05,-0.93,-0.63,-0.8,-0.01,-0.22,0.97,0.41,-0.04,0.98,-0.33,-0.36,-0.61,-0.04,-0.32,0.11,0.72,-0.03,-0.43,0.35,0.89,-0.37,-0.51,-0.97,0.25,-0.73,0.27,-0.9,-0.05,-0.29,0.18,-0.64,
-0.07,-0.58,0.62,-0.34,0.53,0.46,-0.28,-0.21,-0.87,0.53,0.05,-0.67,0.82,0.54,0.23,-0.64,-0.22,-0.94,-0.11,0.29,-0.59,0.31,0.73,-0.73,-0.52,0,-0.73,0.79,-0.47,-0.3,0.99,-0.87,-0.3,0.54,-0.11,-0.26,0.97,-0.45,-0.77,-0.93,-0.61,-0.18,-0.4,-0.63,0.08,-0.68,-0.44,-0.02,-0.85,-0.09,
0.45,0.93,0.34,-0.64,-0.76,0.49,0.72,-0.92,0.43,-0.88,-0.07,-0.79,0.37,-0.58,0.46,0.42,-0.18,0.39,-0.46,-0.86,-0.59,-0.95,-0.29,-0.34,-0.17,0.72,-0.43,-0.66,-0.89,-0.84,0.2,0.69,-0.78,-0.95,0.48,-0.66,-0.41,0.21,-0.66,0.66,-0.81,0,-0.11,0.23,-0.39,-0.33,0.14,0.43,0.18,-0.72,
0.23,0.9,0.83,-0.03,-0.47,-0.44,0.11,0.99,0.73,0.19,0.62,0.9,-0.84,0.99,0.06,-0.86,0.31,-0.94,0.65,-0.2,0.22,0.98,0.75,0.38,-0.13,-0.67,-0.74,0.11,0.25,-0.95,0.16,-0.61,-0.31,0.44,-0.68,-0.41,0.53,-0.87,0.5,0.08,0.68,0.75,-0.21,-0.64,0.77,-0.86,-0.8,-0.32,-0.65,-0.44,
-0.13,-0.28,0.48,-0.67,0.8,0.52,0.68,0.98,-0.51,0.52,-0.87,-0.21,0.08,-0.33,0.96,0.23,0,-0.17,0.55,-0.27,-0.42,-0.4,-0.43,-0.57,0.61,0.54,-0.67,0.89,-0.64,-0.2,0.47,0.43,0.35,-0.02,-0.29,0.11,0.78,0.01,0.16,0.55,-0.59,-0.54,-1,0.26,-0.3,-0.92,0.44,-1,-0.09,-0.58,
-0.02,-0.25,-0.65,0.12,0.29,0.23,-0.67,-0.76,0.3,-0.63,0.71,-0.76,-0.4,-0.8,-0.53,-0.29,0.09,0.44,-0.77,0.05,0.87,-1,-0.26,-0.37,0.59,-0.51,-0.41,-0.46,0.21,-0.93,0.42,-0.78,0.76,-0.65,0.59,0.18,-0.6,-0.94,0.81,-0.22,0.7,-0.54,-0.84,0.82,0.66,-0.38,-0.45,-0.79,0.64,0.14,
-0.15,0.56,-0.96,-0.48,-0.16,-0.08,0.54,0.21,0.06,0.01,0.74,-0.37,0.8,-0.36,0.31,-0.9,-0.12,0.04,-0.86,0.73,-0.45,-0.72,-0.59,-0.21,-0.89,0.92,-0.03,-0.3,0.81,-0.38,0.89,0.2,0.07,0.74,0.6,0.19,0.68,-0.63,-0.03,0.25,0.24,-0.95,0.53,0.13,-0.71,0.53,0.64,-0.04,-0.78,-0.8,
0.47,0.27,0.99,-0.65,-0.51,0.04,0.41,-0.68,-0.79,0.32,-0.81,0.52,0.6,-0.76,-0.19,-0.53,-0.45,-0.97,0.49,-0.5,0.55,-0.14,-1,0.26,-0.92,-0.4,-0.9,0.6,-0.42,0.64,-0.93,0.24,-0.61,0.65,0.16,-0.59,-0.44,-0.34,0.65,0.08,-0.27,-0.37,-0.19,-0.95,0.72,-0.97,0.44,-0.05,0.53,-0.39,
-0.89,-0.32,-0.5,0.31,0.34,0.52,-0.72,0.29,-0.66,0.32,0.19,0.27,0.01,-0.69,-0.11,0.75,-0.94,0.76,0.76,0.49,-0.09,0.26,-0.05,0.36,-0.87,-0.57,0.07,-0.28,-0.93,0.35,-0.06,0.75,0.71,0.05,0.88,0.33,0.74,0.39,0.72,0.03,0.09,-0.93,0.69,-0.99,-0.93,-0.08,0.38,0.64,0.97,0.1,
0.75,0.76,0.36,0.57,-0.71,0.42,0.53,-0.24,0.63,0.51,-0.05,0.17,0.82,-0.83,-0.64,0.63,0.62,-0.96,-0.59,0.76,-0.66,0.91,0.07,-0.68,-0.11,0.13,-0.62,-0.07,0.94,-0.31,0.46,-0.95,-0.62,0.48,0.95,-0.27,0.88,0.37,-0.31,0.27,0.97,0.06,0.1,-0.42,0.92,-0.49,0.42,-0.12,-0.81,-0.37,
-0.62,0.49,0.8,-0.75,0.25,-0.61,-0.93,-0.37,0.53,-0.51,-0.67,0.45,-0.64,0.63,0.4,0.69,-0.56,-0.9,0.87,-0.01,-0.45,-0.64,-0.19,-0.62,-0.3,0.75,0.73,-0.72,0.54,0.14,-0.75,0.35,-0.55,-0.56,-0.25,0.56,0.55,0.07,-0.25,0.24,-0.44,-0.6,-0.3,0.77,0.79,-0.9,-0.25,-0.14,-0.33,0.36,
0.16,-0.42,0.69,-0.09,0.43,-0.06,-0.69,0.46,0.41,-0.08,0.99,0.84,-0.34,0.87,0.19,-0.89,0.59,-0.99,-0.49,0.34,-0.39,-0.2,-0.72,0.46,-0.09,-0.64,-0.85,-0.19,0.53,-0.49,0.61,-0.81,-0.07,0.74,0.62,0.96,-0.06,-0.44,-0.37,-0.47,0.12,0.8,0.97,0.61,0.84,-0.4,0.63,-0.96,-0.28,-0.05,
-0.37,-0.69,0.56,-0.18,0.95,0.83,-0.86,-0.81,-0.19,0.27,-0.93,0.29,-0.31,-0.09,-0.2,0.28,0.47,0.03,-0.28,-0.16,0.84,-0.94,-0.22,0.16,0.65,0.91,-0.67,0.69,-0.75,0.33,0.57,-0.69,0.66,0.59,0.38,0.63,-0.05,0.91,-0.04,-0.87,-0.27,-0.78,0.57,0.52,0.76,0.2,-0.97,0.6,-0.02,0.48,
-0.41,-0.57,0.54,0.51,-0.38,0.15,-0.54,-0.03,-0.38,-0.65,0.3,0.52,-0.04,0.6,-1,-0.72,0.01,0.22,0.44,-0.81,-0.67,0.63,-0.87,-0.87,-0.25,-0.37,-0.2,-0.66,-0.38,0.33,-0.83,0.47,-0.04,0.09,-0.25,-0.69,0.93,-0.82,0.12,0.91,0.34,-0.1,0.81,0.4,0.03,-0.09,0.66,0.27,-0.71,-0.6,
-0.63,-0.27,0.53,-0.95,-0.77,-0.32,0.84,-0.53,0.59,-0.34,-0.41,-1,0.04,-0.32,0.75,0.93,0.33,-0.78,-0.29,-0.44,0.63,-0.03,-0.97,0.01,0.94,-0.59,-0.33,-0.45,-0.77,-1,0.24,0.65,-0.22,0.94,-0.77,0.3,0.5,-0.65,0.98,0.92,0.33,0.42,-0.04,0.04,0.82,0.6,0.43,0.84,-0.45,0.96,
0.28,0.82,-0.04,-0.13,0.71,-0.87,0.61,0.03,-0.24,-0.55,0.96,0.04,-0.59,-0.76,-0.81,0.27,-0.88,0.54,0.71,0.14,0.47,0.61,-0.67,0.59,0.19,0.5,0.39,-0.15,-0.02,0.45,-0.18,-0.04,-0.64,-0.24,0.98,-0.83,0.99,0.77,0.23,0.01,-0.11,-0.95,-0.33,0.41,0.23,0.13,-0.47,0.74,0.92,-0.13,
-0.8,-0.51,-0.84,0.62,0.71,0.1,0.34,0.61,-0.45,-0.08,0.58,-0.23,-0.71,-0.4,-0.98,-0.27,0.9,0.6,-0.37,0.86,0.27,-0.55,-0.96,-0.94,0.5,-1,0.31,-0.58,0.55,-0.91,-0.25,-0.78,-0.01,0.05,0.09,0.72,-0.33,0.53,0.89,0.54,-0.25,0.42,-0.72,0.56,0.92,0.28,0.72,0.65,-0.86,-0.34,
-0.73,-0.29,-0.3,-0.53,-0.49,0.45,-0.47,0.86,-0.19,0.2,0.09,0.02,-0.63,0.86,-1,0.92,-0.83,0.11,-0.11,-0.18,-0.62,0.68,-0.3,0.45,-0.32,0.01,0.79,-0.66,-0.76,0.37,-0.52,-0.92,-0.58,0.05,-0.13,0.77,0.99,-0.63,0.42,-0.82,0.41,-0.94,-0.56,0.91,-0.39,0.21,0.78,0.03,0.18,0.38,
0.5,0.52,-1,-0.63,-0.28,-0.69,-0.79,0.68,0.75,0.15,0.11,-0.71,-0.08,-0.97,-0.54,0.03,-0.02,-0.56,-0.12,0.95,0.15,0.27,-0.7,-0.43,0.03,-0.57,0.33,0.63,-0.19,0.83,-0.26,-0.78,0.38,0.86,0.62,-0.22,-0.9,-0.61,0.53,0.9,-0.57,0.07,-0.83,-0.6,0.77,-0.83,-0.39,-0.82,-0.69,0.2,
0.26,-0.49,0.32,-0.33,0.26,-0.56,0.02,0.93,0.39,-0.59,0.89,-0.46,0.02,-0.98,0.87,0.06,-0.79,-0.95,0.7,0.29,-0.54,-0.29,0.92,-0.9,0.65,-0.41,-0.05,-0.33,-0.36,0.46,0.27,0.42,-0.44,0.96,0.11,-0.63,0.87,0.09,-0.27,-0.57,-0.6,0.39,-0.93,0.26,-0.26,-0.37,-0.89,0.67,0.05,0.22,
0.39,0.4,-0.95,-0.74,0.4,-0.75,-0.16,0.98,0.66,-0.82,-0.14,-0.78,0.37,0.8,0.28,0.42,0.66,0.49,-0.38,-0.32,-0.75,-0.44,-0.72,-0.04,-0.31,-0.79,-0.22,-0.08,-0.67,0.53,-0.54,-0.8,0.94,0.3,-0.78,-0.6,0.21,-0.86,0.35,0.6,-0.3,-0.15,-0.91,-0.77,0.57,0.71,-0.08,-0.02,-0.92,-0.98,
0.83,0.47,-0.55,-0.68,0.02,0.13,0.38,-0.23,-0.11,0.86,-0.78,0.84,0.15,-0.16,-0.91,-0.98,0.05,-0.91,0.75,-0.89,-0.16,0.05,0.2,0.95,0.35,0.64,0.96,0.16,-0.63,0.92,0.74,0.42,-0.63,-0.93,0.98,-0.33,-0.04,-0.87,-0.97,0.81,0.73,-0.83,-0.75,-0.88,-0.5,0.22,0.51,-0.88,-0.15,0,
