-0.19,-0.88,-0.54,0.81,0.42,0.41,0.68,0.33,-0.11,-0.93,0.98,-0.8,0.08,-0.83,-0.99,0.33,0.4,0.95,0.5,-0.61,0.89,0.08,-0.08,0.94,-0.55,0.08,-0.88,0.25,
0.91,-0.22,-0.5,0.61,-0.12,0.36,0.95,0.8,0.35,-0.22,0.91,0.03,-0.52,0.23,0.69,0.76,-0.5,0.54,0.97,-0.93,0.7,0.41,-0.02,0.23,0.03,-0.73,0.11,-0.87,
-0.29,-0.61,-0.17,-0.6,0.06,-0.53,0.59,-0.94,0.1,0.14,-0.93,0.83,-0.9,0.01,-0.98,0.98,0.44,0.2,0.57,0.08,0.08,-0.32,-0.54,-0.19,-0.74,-0.44,0.6,0.27,
-0.21,0.73,0.95,0.06,-0.78,-0.94,0.34,0.25,0.82,0.72,0.11,0.27,-0.34,-0.11,-0.51,0.42,0.05,-0.64,-0.76,0.3,0.03,0.8,0.05,0.17,0.4,0.84,0.26,0.78,
-0.01,0.89,0.76,-0.72,-0.14,0.7,-0.71,-0.36,0.76,0.53,0.25,0.89,-0.41,-0.69,-0.04,-0.26,-0.81,-0.14,0.3,-0.11,-0.81,0.36,0.77,-0.96,0.99,-0.28,0.26,0.17,
-0.03,-0.01,0.38,-0.18,-0.69,0.81,0.96,0.76,0.57,-0.91,-0.36,-0.93,0.03,-0.92,0.93,0.83,0.06,-0.62,0.62,-0.03,0.87,0.53,-0.66,-0.67,-0.84,0.32,0.02,0.55,
-0.14,0.87,-0.88,0.63,-0.65,-0.2,-0.55,0.37,-0.23,-0.15,-0.99,-0.95,-0.1,0.55,-0.34,0.84,-0.19,0.55,0.46,-0.65,-0.43,0.78,0.82,0.39,-0.35,-0.74,0.52,-0.39,
0.28,-0.45,0.99,0.11,-0.62,0.35,-0.1,0.6,0.7,-0.38,-0.71,0.52,0.09,-0.52,-0.1,-0.09,0.83,-0.6,0.31,-0.99,-0.6,0.29,0.35,0.22,-0.18,0.71,-0.16,0.37,
0.33,-0.11,0.81,-0.3,-0.81,0.04,0.55,-0.04,0.1,0.78,-0.36,-0.81,-0.78,-0.16,-0.02,0.26,-0.53,0.33,-0.39,0.52,-0.02,-0.68,-0.24,-0.31,-0.41,0.55,0.85,0.95,
0.15,-0.91,0.55,0.22,0.19,0.49,0.92,-0.97,0.53,0.52,-0.81,-0.05,0.01,0.65,-0.53,0.32,-0.29,0.55,0.17,0.24,0.95,0.87,-0.42,-0.78,0.33,0.71,-0.23,-0.19,
-0.02,-0.27,0.92,0.18,-0.46,-0.48,0.72,0.9,0.35,0.67,-0.02,0.48,0.22,0.03,0.59,0.88,0.33,-0.36,0.91,-0.97,0.01,0.87,0.1,0.69,0.69,0.15,0.3,-0.55,
-0.54,-0.68,0.33,0.67,0.01,0.79,0.63,-0.32,-0.34,0.63,0.02,-0.39,-0.95,-0.45,0.86,0.37,-0.46,-0.63,-0.62,0.17,0.41,-0.01,0.19,-0.19,0.6,0.96,0.88,0.81,
-0.27,0.73,0.01,0.07,0.99,0.6,0.33,0.82,-0.4,0.21,-0.9,0.32,-0.22,0.75,0.38,0.52,0.06,-0.87,-0.51,-0.17,-0.22,-0.34,-0.92,0.16,0.73,-0.22,-1,0.57,
0.29,0.66,-0.13,-0.28,0.88,0.05,-0.66,-0.9,0.83,-0.97,-0.08,0.43,0.83,-0.98,-0.14,-0.94,0.56,0.92,-0.04,0.74,-0.72,0.93,-0.46,-0.27,-0.52,-0.63,0.1,0.52,
-0.39,0.6,0.05,0.35,0.5,0.84,0.05,0.87,0.12,-0.3,-0.66,-0.03,0.58,0.45,0.15,0.61,0.26,0.44,0.19,-0.98,-0.73,-0.46,-0.53,0.67,-0.56,-0.66,0.78,0.07,
0.25,-0.92,0.12,-0.18,-0.79,0.3,-0.49,-0.68,0.04,-0.25,0.92,-0.71,-0.38,-0.46,-0.88,0.93,-0.56,-0.58,0.3,-0.56,0.29,0.85,-0.24,-0.91,-0.81,0.69,-0.44,0,
-0.89,0.62,0.01,-0.34,-0.7,-0.35,-0.63,0.6,0.49,-0.8,0.58,0.75,0.68,0.35,0.88,-0.06,0.99,-0.45,-0.11,-0.03,-0.67,0.17,-0.12,-0.76,-0.2,0.9,0.34,-0.41,
0.24,0.84,-0.9,0,-0.69,-0.13,-0.86,-0.63,0.85,-0.99,0.66,-0.64,0.58,-0.14,-0.11,-0.32,0.17,-0.4,-0.38,-0.21,-0.99,-0.02,-0.43,0.21,-0.87,0.32,0.65,0.66,
0.47,-0.3,0.72,-0.06,-0.3,0.8,-0.47,0.92,0.94,-0.9,-0.86,0.88,0.12,0.11,0.71,-0.14,0.42,-1,-0.55,-0.04,0.58,-0.82,-0.63,0.35,0.66,-0.77,0.15,-0.11,
0.36,0.49,0.31,-0.07,-0.81,-0.73,0.51,0.4,0.45,0.09,0.23,-0.06,-0.02,0.46,-0.64,0.68,-0.02,-0.39,0.46,0.81,-0.54,-0.43,0.37,0.54,0.33,0.44,-0.74,-0.54,
0,0.58,-0.61,0.7,0.22,0.69,-0.93,0.57,-0.7,0.15,-0.69,0.96,0.74,0.95,-0.9,0.2,-0.03,0.69,0.93,-0.68,0.26,0.53,-0.54,0.21,-0.05,0.38,0.49,0.46,
-0.19,-0.52,0.01,0.57,0.33,0.18,-0.22,-0.89,-0.09,0.27,-0.56,-0.93,-0.71,-0.93,-0.49,-0.94,-0.89,-0.38,-0.34,-0.23,0.58,0.01,-0.96,-0.16,0.82,-0.08,0.81,-0.66,
-0.37,-0.57,0.07,-0.75,-0.59,0.04,0.57,0.07,0.36,0.36,0.2,-0.96,-0.08,-0.99,0.11,-0.5,-0.83,-0.69,0.55,0.63,0.13,-0.62,0.96,-0.62,0.28,-0.44,-0.06,-0.63,
-0.83,-0.14,0.84,-0.91,0.76,0.24,-0.59,-0.46,-0.85,-0.75,0.47,0.28,-0.31,-0.32,-0.72,0.5,0.07,-0.71,-0.25,-0.78,-0.59,-0.01,-0.04,-0.34,-0.35,0.86,0.67,0.3,
-0.59,0.28,-0.69,-0.18,-0.21,-0.21,-0.54,0.96,-0.28,0.89,-0.77,0.05,-0.58,0.94,-0.86,0.17,-0.33,0.86,0.39,-0.68,0.54,-0.07,-0.14,0.56,0,-0.89,-0.66,0.63,
0.85,-0.25,0.33,-0.19,0.76,0.01,-0.46,-0.09,-0.84,-0.13,0.84,0.1,-0.27,-0.71,0.02,0.3,-0.1,0.65,0.59,-0.04,0.56,0.86,0.97,-0.26,0.11,0.75,-0.12,-0.89,
0.72,0.18,0.36,-0.21,0.94,0.77,0.07,0.8,0.97,-0.19,-0.88,0.44,0.08,0.57,-0.63,-0.8,-0.82,0.58,-0.7,0.62,0.91,0.92,0.74,-0.48,-0.29,-0.89,0.53,0.81,
-0.4,-0.41,-0.5,0.07,-0.12,-0.71,-0.25,0.81,0.41,0.64,-0.09,0.05,-0.52,0.22,0.92,0.7,-0.33,0.14,0.02,-0.68,-0.41,0.42,0.02,-0.92,0.13,-0.64,0.06,-0.38,
0,-0.69,0.99,0.68,0.11,-0.97,0.32,-0.39,-0.45,-1,-0.01,-0.15,-0.59,0.47,0.81,0.7,-0.11,-0.98,-0.09,0.36,0.73,-0.54,0.3,-0.59,0.63,0.98,-0.14,0.89,
-0.44,-0.43,-0.41,0.36,-0.24,0.64,0.36,0.63,0.78,0.97,-0.87,-0.84,-0.97,0.11,0.98,0.84,0.09,-0.92,0.61,-0.53,-0.36,0.83,-0.56,0.63,0.7,0.13,0.7,-0.28,
-0.16,0.34,0.6,-1,0.49,-0.13,-0.34,-0.59,0.17,-0.49,-0.64,0.03,-0.32,0.39,-0.62,-0.88,0.07,0.62,0.67,-0.87,0.95,0.93,-0.31,0.67,0.66,-0.18,0.96,-0.27,
-0.33,0.79,-0.46,-0.56,-0.47,-0.95,0.7,0.53,0.9,-0.38,-0.53,-0.91,-0.44,0.48,0.14,0.39,0.57,-0.09,0.66,-0.19,-0.77,0.36,-0.24,0.88,-0.58,0.59,-0.24,-0.74,
-0.67,-0.66,0.31,0.08,-0.3,-0.57,0.09,-0.63,-0.46,-0.08,0.08,-1,0.4,-0.15,0.77,-0.67,0.09,-0.3,0.23,-0.69,-0.8,-0.46,-0.14,0.2,0.27,0.39,-0.3,-0.3,
0.3,0.94,-0.32,0.12,0.22,0.61,-0.6,-0.8,0.88,-0.57,0.83,0.95,0.83,-0.4,-0.29,0.42,-0.04,0.65,0.61,-0.36,0.41,-0.17,0.58,-0.48,-0.01,-0.33,-0.54,-0.84,
0.71,0.61,0.32,0.93,-0.97,-0.43,0.26,0.78,-0.58,0.73,0.55,0.99,-0.7,-0.83,-0.46,-0.13,-0.43,-0.09,-0.02,-0.1,-0.52,-0.54,-0.78,-0.14,-0.38,0.69,0.24,0.2,
-0.03,0.72,-0.55,-0.1,0.64,0.47,-0.45,-0.2,-0.63,-0.54,0.21,0.03,0.43,-0.37,0.17,-0.77,0.3,-0.94,-0.85,-0.2,-0.66,-0.75,0.34,0.96,0.26,-0.92,0.77,0.08,
0.38,0.37,0.96,0.98,-0.46,0.43,-0.57,-0.48,-0.76,0.6,-0.3,0.52,-0.6,-0.77,0.81,0.59,0.63,-0.85,-0.62,0.08,0.3,-0.43,0.57,0.67,-0.73,0.52,-0.01,0.65,
0.84,0.71,-0.66,0.69,0.43,-0.57,-0.77,-0.09,0.07,0.97,-0.75,0.44,0.52,0.54,-0.82,-0.81,0.88,-0.07,-0.4,-0.17,0.88,0.97,0.73,0.16,0.97,-0.8,0.26,-0.66,
0.64,-0.85,0.52,-0.96,-0.84,0.18,-0.44,0.65,0.75,-0.7,0.33,0.53,0.9,0.5,-0.69,-0.3,-0.31,-0.37,0.78,-0.36,0.53,0.6,0.32,0.38,0.88,0.28,-0.17,-0.43,
-0.34,-0.55,0.22,-0.33,-0.78,-0.55,-0.38,0.37,-0.23,-0.25,0.64,0.61,-0.28,0,-0.47,-0.21,-0.6,0.22,-0.4,0.24,0.41,0.12,-0.92,-0.53,0.76,-0.68,0.97,0.48,
-0.9,-0.82,0.36,0.14,0.07,-0.79,-0.26,-0.9,-0.45,-0.41,-0.32,0,-0.45,0.68,-0.31,-0.56,-0.72,-0.65,0.6,-0.23,-0.43,0.68,-0.67,0.32,-0.5,-0.23,-0.03,0.45,
0.91,0.88,-0.2,-0.66,-0.47,-0.75,-0.25,0.2,-0.13,0.72,0.66,0.33,-0.91,0.61,0.87,-0.62,-0.31,-0.06,-0.24,0.98,-0.5,0.72,-0.71,-0.32,-0.58,-0.5,0.98,0.82,
0.62,-0.78,0.19,0.73,0.03,0.09,-0.71,-0.89,0.35,0.66,0.16,-0.18,0.02,0.94,-0.95,-0.94,-0.98,-0.62,-0.25,0.42,-0.91,0.16,0.44,0.68,-0.74,0.35,-0.15,-0.17,
-0.43,-0.7,-0.1,-0.12,0.59,0.63,-0.18,0.63,-0.83,0.8,0.47,-0.13,0.51,-0.27,-0.16,-0.12,0.2,0.83,0.92,0.25,-0.24,-0.64,-0.73,-0.87,-0.1,0.08,-0.1,0.61,
-0.72,-0.32,0.51,0.3,0.36,-0.95,-0.31,-0.08,0.68,-0.65,-0.99,0.88,0.31,-0.13,-0.02,0.98,-0.87,-0.67,-0.89,-0.65,-0.31,-0.26,-0.86,0.76,0.18,-0.19,0.15,-0.34,
-0.68,0.72,0.21,0.45,0.44,-0.66,0.64,-0.02,0.73,-0.85,-0.44,-0.66,-0.32,-0.05,-0.63,0.03,-0.85,-0.46,-0.96,-0.19,0.85,0.2,-1,-0.35,-0.87,-0.96,0.52,-0.51,
-0.04,0.26,0.48,-0.07,-0.16,-0.14,-0.3,-0.84,0.42,-0.49,-0.32,-0.82,-0.34,-0.73,-0.09,0.76,0.89,0.51,0.18,-0.32,0,-0.57,-0.62,0.91,-0.25,-0.4,0.64,-0.64,
0.12,-0.87,0.09,-0.45,0.3,-0.97,-0.86,-0.06,-0.72,0.59,0.61,0.99,0.42,-0.47,0.74,-0.34,0.73,0.55,-0.95,-0.84,0.38,-0.33,-0.82,0.96,-0.51,0.16,0.39,0.21,
-0.89,0.66,-0.78,-0.88,-0.06,-0.55,-0.86,-0.97,-0.81,0.04,0.36,-0.78,0.77,-0.58,0.37,0.81,0.44,-0.03,-0.89,-0.01,-0.44,0.73,0.91,-0.27,-0.25,0.23,0.48,-0.94,
-0.36,-0.26,0.61,0.17,-0.99,-0.3,0.03,0.04,0.2,0.8,0.87,-0.4,0.49,0.01,-0.17,0.32,0.47,-0.14,0.03,0.07,0.64,0.26,0.38,0.48,-0.26,0.3,0.28,0,
