-0.42,0.63,0.84,0.59,0.7,0.32,0.47,-0.48,-0.62,-0.73,0.75,-0.75,0.17,-0.53,0.54,-1,
-0.8,-0.37,0.61,-0.38,-0.72,-0.39,-0.61,0.75,0.43,-0.84,-0.79,-0.9,0.21,0.3,0.15,0.98,
0.89,0.19,-0.39,-0.63,-0.23,-0.69,0.69,-0.36,0.98,-0.7,-0.44,-0.57,0.23,0.86,0.79,-0.41,
-0.19,0.24,-0.91,0.73,0.31,-0.17,0.58,0.04,-0.14,-0.39,0.74,-0.86,0.36,-0.36,-0.5,-0.29,
0.33,-0.6,-0.91,-0.37,-0.58,-0.35,-0.57,-0.59,0.5,-0.44,-0.02,0.16,-0.87,0.01,0.94,0.49,
0.51,0.4,0.55,0.96,0.69,0.64,0.89,-0.65,-0.58,-0.22,0.71,0.33,-0.76,0.54,-0.02,-0.8,
0.15,0.19,-0.88,0.18,-0.09,-0.09,-0.04,0.04,0.58,-0.26,0.57,0.07,0.01,-0.11,-0.93,0.66,
-0.69,-0.55,-0.12,0.32,-0.38,0.59,-0.49,0.36,-0.35,0.95,0.57,0.98,-0.19,-0.18,-0.56,0.08,
-0.6,0.01,0.25,-0.43,-0.22,-0.34,-0.27,-0.32,0.34,-0.96,-0.76,0.52,0.93,-0.54,0.85,-0.93,
-0.34,0.28,0.99,-0.08,-0.34,0.97,-0.12,-0.3,-0.72,-0.4,-0.89,0.22,0.31,-0.38,0.36,0.91,
-0.74,-0.85,-0.23,-0.2,0.57,0.53,-0.87,-0.22,-0.93,-0.79,0.39,-0.64,-0.33,0.4,0.84,0.91,
-0.86,0.65,-0.11,0.01,-0.31,0.11,0.65,0.25,0.47,-0.27,0.58,0.92,0.66,-0.53,-0.95,0.9,
-0.57,-0.84,-0.25,-0.64,-0.86,0.19,-0.55,-0.64,0.19,0.19,0.11,-0.14,0.3,-0.26,0.17,0.66,
0.89,-0.17,0.98,-0.06,-0.45,0.3,-0.9,0.89,0.27,0.53,-0.39,0.76,-0.58,-0.07,0.48,-0.84,
-0.58,0.75,0.28,0.8,0.71,0.63,-0.11,0.44,-0.37,0.44,-0.08,0.1,-0.15,0.21,0.92,-0.87,
-0.86,0.96,-0.23,0.83,0.44,0.61,0.66,0.75,0.5,0.41,-0.75,0.54,-0.52,-0.44,0.81,-0.23,
-0.78,0.79,0.55,-0.52,-0.25,0.58,-0.44,0.62,-0.84,-0.03,0.38,0.57,-0.94,0.93,0.68,-0.98,
-0.36,-0.94,-0.21,0.28,0.21,-0.25,-0.9,-0.42,-0.18,0.65,0.62,-0.53,-0.3,-0.69,0.75,-0.54,
-0.99,0.09,0.49,-0.12,-0.22,0.12,-0.9,-0.2,-1,0.3,-0.21,-0.43,0.96,-0.66,0.66,0.68,
0.65,-0.34,-0.33,-0.02,-0.68,-0.85,-0.31,0.42,0.05,0.37,-0.77,0.26,0.65,-0.48,0.3,-0.82,
-0.9,-0.71,-0.22,-0.07,0.96,0.37,0.13,0.48,-0.11,-0.81,0.26,-0.47,0.27,-0.4,0.29,-0.96,
-0.8,0.84,0.46,0.08,-0.38,-0.38,-0.04,-0.08,0.17,-0.76,0.69,0.35,0.5,-0.15,0.35,0.53,
0.61,0.87,-0.87,0.99,-0.23,0.12,0.78,-0.54,0.7,-0.81,0.89,0.26,-0.69,0.27,-0.1,0.36,
-0.15,0.2,-0.73,0.82,0.24,-0.36,-0.97,-0.01,-0.71,-0.88,-0.69,-0.33,0.75,-0.01,0.02,0.71,
0.18,-0.77,-0.97,-0.8,-0.99,-0.77,-0.2,0.8,0.14,0.47,0.88,0.1,-0.56,0.86,-0.6,0.47,
-0.68,0.53,0.27,-0.75,-0.36,0.41,0.25,-0.81,0.04,0.39,0.86,-0.43,0.94,-0.63,0.34,-0.11,
0.61,-0.76,-0.29,0.5,0.12,0.56,0.12,0.84,-0.57,0,-0.79,-0.88,0.66,0.66,-0.72,-0.14,
-0.55,-0.47,-0.62,-0.8,-0.72,0.81,0.19,-0.32,-0.12,0.98,0.13,0.85,-0.47,0.09,0.92,-0.5,
