0.6,0.66,-0.86,-0.42,-0.09,0.33,-0.04,0.35,0.95,-0.96,0.27,0.49,0.5,0.68,0.73,-0.28,-0.95,0.89,-0.31,0.1,0.3,-0.26,0.61,0.93,-0.07,0.02,0.01,0.89,
-0.65,-0.66,0.24,-0.58,0.13,0.37,0.61,-0.73,0.11,-0.61,-0.75,-0.84,0.84,-0.7,0.91,-0.34,0.36,0.98,-0.61,0.89,0.99,0.17,0.83,-0.97,-0.14,-0.95,0.79,0.9,
-0.05,0.98,0.77,0.81,-0.18,0.72,-0.56,0.95,-0.07,0.22,0.24,0.17,-0.24,0.82,0.9,0.55,-0.1,0.03,0.76,0.04,-0.38,-0.39,0.76,0.81,0.53,0.36,-0.23,-0.97,
-0.86,-0.25,0.66,0.68,-0.89,0.3,-0.9,-0.97,-0.04,-0.02,0.28,0.31,-0.94,-0.76,0.52,0.74,-0.43,0.08,0.53,-0.7,0.69,0.75,0.32,0.12,0.26,0.71,0.92,-0.77,
-0.98,0.63,-0.44,-0.45,-0.97,-0.01,-0.02,-0.14,0.12,0.45,-0.1,0.2,0.16,0.87,-0.22,-0.74,-0.83,-0.25,0.71,-0.62,-0.68,-0.59,-0.6,0.85,0.42,0.19,0.85,-0.02,
-0.28,0.63,0.91,-0.07,-0.26,0.12,-0.62,-0.78,-0.8,-0.94,-0.85,0.45,0.59,0.15,0.83,-0.59,-0.45,-0.42,0.36,0.92,-0.19,-0.33,-0.06,0.67,-0.46,-0.25,0.09,0.42,
0.12,0.1,-0.83,-0.14,-0.47,0.38,0.09,-0.31,-0.82,0.9,0.6,-0.74,0.38,-0.66,-0.07,-0.19,-0.29,0.77,-0.89,-0.27,0.68,-0.96,-0.63,-0.56,-0.56,-0.43,0.13,-0.29,
0.49,-0.72,0.82,-0.48,0.12,-0.56,-0.82,-0.8,0.25,-0.82,-0.82,0.04,-0.9,0.65,-0.93,-0.35,0.73,-0.98,-0.95,-0.7,-0.75,-0.74,0.72,0.03,-0.84,-0.65,0.8,0.68,
-0.26,-0.4,0.41,-0.52,-0.47,-0.81,-0.15,0.38,-0.38,-0.5,0.98,0.31,0.51,-0.34,0.51,0.5,0.13,0.34,0.13,0,0.08,-0.65,0.57,0.04,-0.48,-0.78,0.88,0.7,
0.34,-0.29,-0.29,-0.82,0,0.88,-0.68,0.12,-0.95,-0.83,0.05,0.61,-0.91,0.51,0.16,-0.96,0.39,-0.1,-0.9,-0.7,0.84,-0.76,0.28,0.39,-0.93,0.11,0.18,-0.22,
0.45,0.49,0.54,-0.65,0.31,-0.94,0.41,0.87,0.38,0.46,0.64,0.36,-0.78,-0.31,0.62,-0.83,0.54,0.95,-0.89,0.76,-0.97,-0.25,-0.08,0.37,0.02,-0.81,-0.5,-0.86,
-0.93,-0.87,0.61,-0.98,0.52,0.92,-0.14,0.46,0.59,-0.82,-0.78,-0.65,0.63,-0.31,-0.76,-0.93,0.92,-0.37,0.76,0.06,-0.76,-0.69,0.73,-0.96,-0.39,-0.8,0.66,0.36,
-0.64,0.04,-0.75,-0.95,0.16,-0.63,-0.48,-0.42,0.76,0.91,-0.52,-0.29,-0.27,-0.74,0.46,0.93,-0.92,-0.15,-0.17,-0.29,0.46,0.04,-0.01,0.63,-0.96,0.29,-0.27,-0.01,
-0.59,0.01,0.58,-0.11,-0.18,0.18,-0.48,-0.85,0.17,-0.76,0.29,0.35,0.14,-0.84,0.52,0.62,0.38,-0.05,0.77,-0.05,0.28,-0.49,-0.37,-0.46,-0.48,-0.3,0.15,-0.06,
0.34,-0.4,0.99,0.24,0.44,-0.29,-0.3,0,-0.77,0.01,0.06,-0.31,-0.65,-0.39,0.9,-0.75,-0.47,0.01,-0.06,-0.74,0.93,0.67,-0.89,0.79,-0.64,-0.46,-0.65,0.73,
0.91,0.88,-0.6,-0.59,-0.55,0.17,-0.13,-0.06,0.13,0.29,-0.07,-0.57,-0.32,-0.15,-0.15,-0.93,0.02,-0.88,-0.63,0.51,0.38,0.73,-0.82,-0.44,0.83,0.33,-0.92,0.18,
-0.97,-0.3,0.83,0.32,0.47,0.59,-0.42,0.17,0.61,0.26,0.21,0.14,0.98,-0.81,-0.1,0.24,-0.84,-0.69,0.96,-0.07,0.89,0.18,0.64,0.14,-1,0.52,0.16,0.32,
0.95,-0.78,-0.04,-0.12,0.9,-0.89,-0.26,-0.49,-0.21,-0.67,-0.19,-0.99,0.95,0.74,-0.62,-0.6,0.88,-0.7,-0.13,-0.43,-0.08,0.95,0.99,-0.93,-0.92,-0.99,-0.95,0.79,
-0.68,-0.77,0.64,-0.46,-0.78,0.48,-0.64,0.04,0.17,0.1,0.26,0.38,-0.48,0.69,0.58,0.83,-0.17,0.73,-0.16,-0.2,-0.87,0.61,-0.57,-0.44,-0.93,0.91,0.02,-0.48,
-0.2,0.92,-0.77,-0.84,0.85,-0.03,-0.82,-0.94,-0.69,-0.7,-0.82,-0.84,0.91,0.34,0.38,-0.44,-0.27,0.03,0.99,-0.55,0.2,-0.32,-0.4,-0.03,0.45,0.88,0.5,0.7,
-0.66,0.33,0.61,0.5,0.33,0.68,0.78,-0.02,0.97,-0.85,-0.13,0.95,0.99,-0.64,-0.01,0.74,-0.87,0.4,0.91,-0.14,0.59,-0.48,0.17,0.17,-0.09,-0.74,-0.21,0.41,
-0.05,0.03,-0.36,-0.78,0,-0.4,-0.84,0.39,0.66,-0.17,0.98,-1,-0.03,-0.93,-0.75,-0.21,0.74,-0.21,0.04,0.71,0.74,0.83,0.47,-0.72,-0.38,0.11,-0.11,0.89,
0.71,-0.21,0.39,0.46,0.84,0.07,-0.91,-0.62,0.26,0.08,0.55,-0.16,0.24,0.04,-0.25,-0.64,0.75,0.39,0.69,0.04,-0.89,0.82,0.19,-0.37,0.87,0.11,-0.13,0.06,
-0.55,-0.52,-0.43,-0.06,0.93,0.24,-0.83,-0.67,0.72,0.43,0.37,-0.92,-0.12,-0.62,0.47,-0.04,-0.14,-0.92,0.37,-0.8,0.75,-0.65,-0.92,0.67,-0.93,0.77,-0.66,0.14,
0.23,0,0.71,-0.76,-0.55,0.52,-0.05,-0.69,0.81,0.44,-0.58,0.46,-0.1,0.72,0.04,0.33,0.85,-0.59,-0.22,0.13,-0.23,-0.83,-0.28,-0.27,-0.68,-0.55,0.09,-0.81,
-0.99,-0.19,0.68,0.55,-0.53,0.91,0.44,-0.23,-0.63,-0.54,0.46,0.06,0.82,-0.09,0.25,-0.24,0.14,-0.75,-0.06,-0.23,-0.58,-0.3,0.17,0.17,0.93,0.02,-0.28,0.15,
0.71,-0.49,-0.45,0.34,0.7,0.49,-0.28,0.24,0.43,-0.53,0.64,0.46,-0.94,0.06,0.45,0.57,0.01,0.42,-0.11,-0.59,0.26,0.18,-0.73,0.12,0.06,0.71,-0.51,-0.15,
-0.27,-0.64,0.94,0.37,0.12,-0.39,0.84,0.34,-0.34,0.17,0,0.55,0.22,0.64,-0.91,-0.69,0.43,0.49,0.34,0.61,-0.67,0.04,0.12,-0.93,0.47,-0.25,-0.12,-0.23,
-0.82,0.86,0.04,0.77,-0.39,-0.87,0.88,-0.31,0.26,-0.91,0.75,0.65,-0.52,-0.67,-0.01,-0.43,0.84,0.99,0.65,-0.16,-0.19,-0.31,0.84,0.98,0.63,-0.59,-0.51,-0.05,
0.07,-0.67,-0.09,0.82,-0.27,0.87,0.32,0.05,0.42,-1,0.11,0.09,-0.23,0.61,-0.72,-0.11,0.48,0.54,-0.47,-0.22,0.54,0.67,-0.26,0.13,0.23,-0.55,-0.05,-0.16,
-0.98,-0.82,0.4,0.45,-0.22,-0.61,-0.15,0.05,-0.76,-0.64,0.63,-0.31,-0.56,0.09,0.48,0.22,-0.78,-0.56,-0.78,-0.1,0.43,0.19,-0.9,0.61,-0.84,0.48,0.58,-0.23,
-0.14,-0.1,0.71,0.38,0.51,-0.1,0.05,0.17,-0.96,-0.15,0.19,-0.69,0.83,-0.05,0.11,0.88,0.66,0.01,-0.51,0.16,-0.59,0.79,-0.13,0.06,0.13,-0.91,-0.5,-0.4,
-0.27,0.83,0.87,0.22,0.22,-0.62,0.8,-0.5,-0.99,-0.91,0.84,-0.42,0,-0.24,0.03,0.44,0.49,-0.17,-0.29,0.35,0.49,0.43,-0.68,0.63,-0.31,0.81,0.02,0.59,
0.45,-0.85,-0.15,-0.39,0.9,-0.62,-0.84,-0.54,0.58,-0.04,0.86,0.78,-0.67,-0.45,0.61,0.7,0.26,-0.73,0.19,-0.01,-0.17,-0.83,0.87,0.02,-0.91,0.15,-0.52,-0.93,
-0.33,-0.42,-0.72,-0.73,0.68,0.77,0.95,-0.79,-0.45,0.8,-0.23,0.7,0.63,0.85,0.57,-0.17,-0.13,0.01,-0.96,-0.97,-0.17,-0.02,0.1,-0.1,-1,-0.92,-0.49,-0.99,
-0.35,0.46,0.76,0.59,0.86,-0.5,-0.61,0.72,-0.79,0.11,0.88,-0.32,-0.89,-0.7,-0.42,-0.71,-0.2,0.67,0.58,0.33,-0.42,-0.82,-0.67,0.98,-0.89,0.94,-0.8,-0.57,
0.73,0.6,0.75,-0.68,0.81,-0.97,-0.02,0.4,-0.33,0.26,0.28,-0.26,0.45,-0.58,-0.91,0.29,0.94,-0.22,-0.77,0.53,0.58,-0.8,0.15,0.59,-0.65,0.03,0.12,0.47,
0.89,-0.34,-0.44,0.91,-0.35,-0.27,-0.21,-0.9,-0.38,0.02,-0.07,0.34,-0.22,-0.55,0.03,-0.93,-0.08,0.45,-0.68,0.42,-0.71,-0.33,0.88,0.16,-0.8,-1,-0.07,-0.97,
0.93,0.46,-0.42,0.29,0.38,0.06,-0.72,0.02,0.33,-0.24,0.07,0.45,0.16,-0.97,-0.27,0.97,0.38,-0.05,-0.79,-0.42,-0.79,-0.64,-0.02,0.05,0,0.1,0.85,0.2,
-0.01,0.69,-0.79,0.03,-0.63,-0.63,0.33,-0.9,-0.11,0.22,0.75,-0.2,0.52,0.6,0.79,0.23,-0.38,0.79,0.82,-0.43,-0.37,0.97,0.52,-0.66,-0.72,-0.24,-0.2,-0.41,
-0.86,0.41,-0.06,0.79,0.3,-0.27,-0.43,0.72,-0.78,-0.44,0.86,0.08,-0.25,-0.01,0.69,0.32,-0.73,0.42,0.67,-0.75,-0.07,-0.23,0.96,-0.27,0.58,-0.38,0.85,-0.68,
0.22,-0.6,-0.84,0.8,-0.32,0.95,-0.89,0.65,0.94,0.68,0.63,-0.1,0.01,0.45,0.78,-0.04,-0.92,0.96,-0.5,-0.96,0.18,0.01,0.91,0.46,-0.6,0.94,-0.09,-0.86,
0.83,0.3,-0.43,0,0.83,0.76,-0.88,0.48,0.17,0.97,0.12,0.04,-0.89,-0.16,0.93,-0.6,0.46,0.78,0.87,-0.7,-0.29,0.58,0.54,-0.94,-0.6,-0.55,0.56,-0.6,
0.76,-0.99,0.07,-0.51,-0.43,0.38,-0.13,-0.94,0.3,-0.15,-0.65,-0.9,-0.26,0.01,-0.38,0.38,0.72,0.03,0.41,0.44,-0.8,-0.81,-0.93,0.89,0.2,0.99,-0.82,-0.41,
-0.98,0.42,-0.24,-0.59,0.49,0.14,-0.48,-0.21,0.89,0.81,-0.58,-0.63,-0.4,-0.3,0.56,0.52,-0.25,-0.74,0.31,0.65,-0.86,0.13,-0.38,-0.44,0.79,0.3,-0.87,-0.61,
0.56,0.86,-0.92,0.46,-0.33,-0.11,-0.12,0.74,-0.54,0.97,0.98,-0.17,0.47,-0.49,0.4,-0.97,0.73,-0.81,0.77,-0.72,-0.53,0.8,-0.51,0.35,-0.92,-0.52,-0.57,-0.27,
0.68,-0.67,0.97,0.62,-0.17,-0.08,-0.07,-0.39,-0.08,-0.87,-0.27,-0.85,0.95,0.23,-0.18,0.72,0.22,0.01,0.8,-0.38,-0.88,0.97,0.29,-0.37,-0.93,-0.96,-0.46,-0.83,
0.39,-0.46,0.74,0.55,-0.09,0.11,0.98,-0.37,0.48,0.03,0.06,0.94,0.24,-0.34,0.98,0.96,0.65,-0.57,0.74,-0.75,-0.42,0.46,-0.91,-0.37,0.93,-0.57,-0.88,0.52,
0.62,-0.67,-0.96,-0.66,-0.37,0.22,-0.94,-0.3,0.4,-0.23,0.06,0.66,0.04,-0.5,-0.55,-0.58,0.64,0.29,0.42,0.97,0,-0.79,-0.88,0.95,0.32,0.62,0.25,-0.94,
0.41,-0.87,-0.42,0.61,0.12,-0.73,-0.99,0.96,0.07,0.89,-0.41,0.53,-0.03,0.38,0.6,-0.85,-0.54,0.09,-0.93,-0.63,0.08,0.13,-0.65,-0.11,-0.85,0.3,0.94,0.7,
