0.19,0.23,-0.85,0.43,-0.21,-0.19,-0.01,0.01,0.55,0.93,-0.05,-0.97,-0.11,-0.94,-0.13,0.58,-0.76,0.51,-0.34,0.76,0.33,-0.01,-0.92,-0.06,0.72,0.26,-0.37,0.95,-0.59,0.63,-0.88,0.98,0.67,-0.34,-0.35,0.83,-0.03,-0.17,-0.5,0.83,-0.61,
-0.24,0.32,-0.28,-0.48,-0.04,0.67,-0.01,-0.63,0.85,-0.49,-0.83,-0.48,0.19,0.06,-0.24,-0.06,0.13,0.33,-0.29,-0.83,0.15,0.21,-0.65,-0.58,-0.35,-0.97,0.87,0.19,-0.81,0.38,-0.18,-0.28,0.45,-0.64,0.24,-0.17,-0.83,-0.4,-0.5,0.05,-0.13,
-0.02,0.7,-0.25,0.4,0.47,-0.45,-0.6,-0.1,-0.58,0.4,-0.25,-0.38,-0.69,-0.53,-0.75,0.35,-0.93,0.23,0.28,0.59,-0.95,-0.94,-0.77,-0.13,0.76,-0.23,0.21,-0.76,-0.08,0.17,-0.25,0.03,-0.39,0.32,-0.91,0.21,0.46,0.18,0.32,0.2,-0.46,
0.64,0.91,0.96,-0.39,0.7,-0.34,-0.15,-0.55,-0.2,0.98,0.83,-0.34,-0.4,-0.03,-0.21,-0.53,-0.31,-0.15,-0.22,-0.91,-0.65,-0.31,-0.96,0.9,0.41,-0.13,-0.37,-0.45,-0.41,0.6,-0.09,-0.66,-0.14,0.64,0.48,0.71,0.4,-0.15,0.78,-0.89,0.2,
-0.85,0.8,0.85,-0.82,0.37,0.53,-0.91,0.79,0.82,0.46,0.94,-0.65,0.73,0.16,-0.71,0.27,0.57,0.41,0.78,-0.71,0.49,0.49,-0.31,0.29,0.79,-0.45,-0.27,0.25,0.72,-0.61,-0.33,-0.71,-0.08,-0.54,-0.65,-0.51,-0.14,0.32,-0.53,0.42,0.09,
0.73,0.44,-0.45,-0.56,-0.44,0.84,0.6,-0.09,-0.96,-0.72,-0.16,0.63,0.63,0.75,0.67,0.73,0.32,0.84,0.9,-0.79,-0.89,0.33,-0.31,0.57,0.8,0.35,-0.75,0.59,-0.36,0.43,-0.6,-0.9,0.75,-0.98,0.58,0.77,0.99,-0.11,-0.34,0.45,0.39,
-0.72,0.76,-0.98,0.28,-0.35,0.91,0.67,0,-0.29,0.33,-0.75,0.67,-0.13,-0.42,0.61,0.27,-0.55,-0.17,0.41,0.9,0.4,0.68,-0.47,0.75,-0.12,0.76,-0.94,-0.9,-0.92,0.47,0.26,-0.89,0.47,-0.75,-0.99,-0.43,0.45,0.05,0.08,0.5,0.74,
-0.8,0.2,-0.33,-0.57,-0.09,0.06,-0.3,-0.22,-0.79,0.52,-0.62,0.07,0.74,-0.06,-0.62,-0.33,0.73,0.61,0.12,0.95,-0.07,-0.32,-0.08,-0.68,-0.53,-0.34,0.29,0.86,-0.71,-0.41,0.87,0.82,0.77,-0.26,-0.06,0.69,0.11,0.82,-0.34,-0.51,-0.59,
-0.84,0.27,-0.22,-0.82,-0.64,-0.65,0.13,-0.55,0.16,-0.82,-0.64,-0.61,-0.51,0.57,0.07,-0.74,0.39,0.74,0.13,-0.01,-0.65,-0.5,0.26,-0.62,0.91,-0.76,-0.69,-0.52,-0.7,0.14,-0.78,0.1,-0.72,-0.98,0.8,-0.88,-0.6,-0.21,0.16,0.52,0.09,
0.67,0.46,0.05,-0.94,0.59,-0.24,-0.9,0.33,-0.19,-0.12,-0.33,0.73,0.25,0.5,0.94,-0.86,-0.09,0.91,-0.23,0.46,0.19,0.1,-0.09,0.18,-0.38,0.34,0.48,0.86,-0.43,-0.56,0.91,-0.15,0.84,0.98,0.23,0.62,-0.11,0.88,-0.53,0.28,0.29,
-0.06,0.01,-0.03,-0.35,0.75,0.72,-0.12,-0.16,0.04,0.26,0.45,0.61,-0.04,-0.18,-0.16,0,-0.1,-0.97,-0.26,0.62,0.04,0.84,0.55,0.57,0.27,-0.87,0.91,0.48,-0.66,0.85,-0.57,-0.78,0.79,-0.5,-0.53,0.36,0.36,0.98,-0.7,0.5,0.87,
-0.01,0.97,0.91,0.8,0.46,-0.69,0,-0.74,0.99,-0.44,0.61,0.2,-0.08,0.05,-0.39,0.33,-0.29,0.55,0.43,0.19,0.69,-1,0.22,0.2,-0.2,-0.46,-0.58,-0.91,-0.69,-0.47,0.59,0.82,0.56,-0.8,0.05,0.39,0.79,-0.69,0.33,0.82,-0.91,
-0.97,-0.36,0.24,0.4,-0.47,0.6,-0.6,0.13,0.36,0.87,-0.75,0.09,0.57,0.46,-0.48,0.04,-1,-0.7,-0.5,0.59,-0.84,-0.93,0,-0.99,0.59,0.05,-0.73,0.41,-0.73,-0.05,0.24,-0.42,0.09,-0.16,0.97,0.82,-0.12,-0.52,0.37,-0.65,0,
0.03,0.14,0.51,0.07,0.05,-0.92,0.87,0.87,0.17,-0.72,-0.94,0.74,-0.85,0.06,0.23,-0.94,0.96,0.11,-0.76,0.33,-0.24,0.19,-0.2,-0.16,-0.21,0.94,0.08,-0.98,0.71,-0.29,0.49,0.35,-0.47,-0.1,0.01,0.14,-0.71,0.46,-0.93,0.36,-0.37,
-0.46,-0.08,-0.78,-0.77,-0.02,-0.76,0.77,0.65,-0.32,0.88,0.95,0.85,-0.48,0.65,0.61,0.13,-0.17,-0.96,-0.73,-0.67,0.87,0.19,-0.17,0.38,0.35,0.37,0.14,0.1,0.56,0.58,-0.45,-0.97,0.21,-0.27,-0.11,0.66,0.31,-0.43,0.03,-0.02,-0.8,
-0.43,0.66,0.61,-0.56,-0.21,0.23,0.21,0.77,0.92,-0.1,-0.01,0.87,0.54,-0.62,0.36,0.47,0.3,-0.26,-0.39,-0.46,0.18,-0.61,0.77,-0.4,0.33,0.11,0.01,-0.07,0.58,-0.58,-0.41,0.02,-0.13,-0.3,-0.75,-0.92,0.76,-0.56,-0.84,-0.65,0.91,
-0.36,0.84,-0.27,-0.56,0.14,-0.69,-0.71,-0.45,-0.97,0.22,0.82,0.45,0.38,-0.33,-0.13,0.93,-0.76,-0.89,0.29,0.12,-0.36,0.21,-0.74,0.35,0.63,0.64,-0.12,-0.45,0.46,0.18,-0.43,-0.84,-0.14,0.37,0.73,0.35,0.09,0.82,0.02,-0.18,-0.23,
-0.48,-0.86,-0.86,0.82,-0.38,-0.74,-0.01,-0.01,-0.67,0.5,0.81,0.3,-0.72,-0.19,-0.13,0.08,0.52,-0.5,0.63,0.75,-0.18,-0.09,-0.15,0.3,-0.78,0.41,-0.51,0.44,0.18,-0.07,-0.5,0.44,0.4,0.17,0.49,-0.72,0.25,0.82,-0.96,-0.18,-0.7,
0.56,0.83,-0.12,-0.01,0.7,-0.36,-0.65,-0.15,0.28,0.02,0.92,-0.88,0.3,0.49,0.72,0.98,0.63,-0.08,-0.42,0.83,-0.9,-0.05,-0.16,0.93,-0.8,-0.79,0.16,0.25,-0.34,0.57,-0.49,0.23,0.48,0.49,-0.99,0.27,-0.95,0.87,-0.54,-0.8,0.13,
0.83,0.84,-0.87,0.09,-0.12,0.98,0.14,0.83,0.19,-0.55,0.52,-0.62,-0.83,0.85,0.48,0.46,-0.12,-0.94,-0.59,-0.62,-0.96,-0.45,-0.76,-0.15,0.9,0.59,0.11,-0.89,-0.3,0.1,0.01,-0.06,-0.62,-0.14,0.01,-0.87,-0.86,-0.46,-0.59,0.43,-0.67,
0.51,0.13,0.75,0.52,0.34,-0.39,-0.21,0.17,0.77,0.91,0.71,-0.09,-0.86,0.64,0.19,-0.64,-0.68,-0.4,-0.09,-0.33,-0.98,0.67,-0.14,-0.25,0.21,0.63,-0.35,0.75,0.98,-0.56,0.09,0.24,-0.59,0.95,-0.05,0,-0.08,0.79,-0.01,0.64,0.99,
