-0.35,-0.35,-0.78,-0.54,-0.57,-0.99,-0.76,-0.59,-0.51,0.66,-0.55,-0.88,0.03,0.55,-0.83,-0.45,0.11,0.14,-0.27,-0.41,-0.81,0.13,0.44,-0.67,-0.29,0.98,-0.49,0.57,0.71,0.83,-0.29,-0.59,0.43,0.33,0.59,-0.61,0.83,-0.26,-0.42,0.98,0.14,-1,-0.81,-0.02,0.9,-0.72,0.87,-0.87,-0.38,0.31,
0.81,-0.18,-0.37,0.95,0.28,0.16,0.75,0.09,0.23,0.46,0.1,0.54,0.79,0.81,0.14,-0.24,-0.12,-0.31,-0.7,0.42,-0.99,0.61,-0.1,0.9,-0.79,0.74,-0.75,-0.58,-0.87,0.31,0.98,0.29,0.26,0.62,0.53,0.96,0.14,-0.6,-0.59,0.32,-0.51,0.53,0.06,-0.14,-0.88,0.26,-0.75,-0.32,0.79,0.92,
0.09,-0.55,0.35,-0.5,-0.59,0.37,-0.18,-0.26,-0.05,-0.79,-0.86,0.36,0.19,-0.78,0.56,-0.98,-0.36,-0.48,-0.78,-0.29,-0.94,0.88,-0.05,0.14,0.09,-0.81,0.13,0.3,-0.31,-0.05,-0.7,-0.36,0.1,-0.2,0.87,0.36,-0.94,-0.52,0.63,0,-0.83,0.5,-0.04,0.09,-0.28,-0.99,-0.45,0.47,-0.07,-0.09,
0.56,-0.45,0.1,-0.56,-0.81,0.35,0.28,-0.83,-0.26,-0.98,-0.23,0.89,-0.25,-0.87,-0.91,0.74,0.02,0.81,-0.02,-0.89,0.26,-0.71,0.26,-0.23,-0.9,0.22,-0.26,0.71,-0.61,0.41,-0.36,-0.26,0,-0.35,0.04,0.08,-0.13,0.58,0.62,-0.91,0.74,-0.62,0.22,0.56,0.13,0.34,0.74,0.52,-0.62,-0.37,
-0.32,-0.74,0.64,-0.31,0.51,-0.92,0.56,-0.37,0.16,0.78,0.88,-1,-0.12,0.84,-0.77,0.89,-0.24,-0.95,0.22,0.29,0,-0.18,-0.61,-0.46,0.16,-0.14,-0.29,-0.72,0.96,-0.07,-0.96,0.82,-0.55,-0.3,-0.95,-0.01,-0.24,-0.19,-0.14,0.39,0.67,-0.84,0.19,0.08,-0.62,-0.3,0.07,-0.97,-0.4,-0.7,
-0.48,-0.06,0.25,-0.79,-0.24,-0.83,0.78,-0.9,0.51,0.99,0.23,0.09,-0.44,0.24,-0.71,0.66,0.06,0.05,-0.88,0.91,-0.04,-0.2,-0.34,0.89,-0.94,0.2,-0.27,0.38,-0.83,-0.65,0.57,-0.69,0.32,-0.94,-0.94,0.05,0.41,-0.52,-0.63,0.05,0.76,0.19,0.64,-0.92,0.71,-0.04,0.95,0.14,-0.43,-0.95,
-0.44,-0.33,-0.98,0.32,-0.06,0.11,0.62,-0.39,0.78,-0.06,-0.99,-0.64,0.14,-0.35,0.88,0.84,-0.62,-0.3,-0.25,0.23,0.24,-0.42,-0.9,0.64,-0.53,0.91,-0.65,0.53,0.91,-0.41,-0.17,0.2,0.67,-0.41,-0.32,-0.36,0.39,0.12,0.32,-0.09,-0.04,0.38,0.56,-0.61,-0.83,0.62,-0.25,-0.46,0.74,0.88,
0.96,0.7,0.52,-0.31,-0.55,-0.87,-0.73,0.53,0.85,0.76,-0.25,-0.76,-0.27,0.46,-0.74,0.85,-0.94,0.64,-0.36,-0.36,-0.09,-0.26,-0.4,-0.07,0.6,0,-0.42,-0.95,-0.19,0.1,0.58,-0.48,-0.91,-0.31,0.68,-0.18,-0.59,-0.17,-0.51,0.5,-0.22,0.97,0.08,-0.91,0.46,-0.57,0.36,0.89,0.45,-0.61,
-0.31,-0.87,-0.54,0.78,0.25,-0.86,0.43,0.95,-0.62,-0.85,-0.05,-0.51,0.89,0.89,-0.98,0.88,-0.39,0.86,-0.14,0.9,-0.2,0.03,0.13,-1,0.65,-0.37,-0.79,-0.58,0.62,0.74,-0.73,-0.17,-0.32,-0.75,-0.93,0.06,0.41,0.2,0.12,-0.48,0.65,0.62,-0.01,0.03,-0.08,-0.85,-0.92,-0.54,-0.38,0.16,
0.73,0.26,-0.51,0.23,-0.59,-0.44,-0.81,-0.91,-0.8,-0.19,-0.44,0.4,-0.87,0.42,-0.58,-0.96,-0.23,0,0.77,0.84,0.94,0.82,-0.46,-0.07,-0.86,0.12,0.14,0.79,0.77,-0.16,-0.24,0.85,0.56,0.15,0.71,0.54,-0.68,0.91,-0.75,0.83,0.26,-0.38,0.61,-0.53,0.44,0.85,-0.82,-0.32,-0.37,0.34,
0.63,-0.84,-0.69,-0.1,0.94,-0.36,-0.76,0.79,0.28,-0.44,0.43,-0.38,-0.85,-0.21,0.56,0.16,-0.13,0.65,0.65,0.79,0.41,-0.02,0.55,0.62,-0.23,-0.12,-0.58,0.96,-0.74,0.47,0.35,0.21,-0.81,-0.84,-0.54,0.29,-0.2,0.8,0.46,-0.5,0.97,0.82,0.2,-0.4,-0.38,0.36,-0.06,0.63,-0.71,-0.82,
-0.61,-0.79,0.67,0.12,0.22,0.57,0.97,0.1,0.17,0.83,0.06,-0.2,-0.72,-0.88,0.2,0.42,-0.21,0.04,-0.83,-0.12,-0.42,-0.65,-0.26,0.9,0.74,-0.23,0.46,-0.96,-0.12,-0.78,-0.16,-0.56,0.04,0.65,0.44,0.64,-0.55,-0.7,0.69,0.93,-0.12,0.05,-0.97,0.88,-0.54,0.93,-0.33,0.88,-0.82,0.78,
0.16,0.48,0.46,0.51,-0.29,-0.29,-0.84,-0.65,-0.34,0.69,0.24,0.98,0.64,0.92,0.19,0.14,-0.12,-0.65,-0.65,-0.69,-0.68,0.45,-0.74,0.07,0.41,0.34,0.57,0.18,-0.48,0.37,0.99,-0.7,0.94,-0.03,0.52,0.18,0.87,0.45,0.41,-0.64,-0.37,0.05,0.84,0.31,0.43,-0.2,0.32,-0.06,0.5,0.83,
0.73,-0.54,-0.49,0.67,-0.15,0.58,0.11,0.58,-0.43,0.8,-0.1,-0.3,0.42,-0.41,-0.58,0.82,0.58,-0.77,-0.85,0.65,-0.05,-0.59,0.84,-0.4,-0.14,0.32,-0.58,-0.81,0.35,-0.53,0.63,-0.85,0.69,0,0.46,0.55,-1,-0.61,-0.51,0.48,-0.18,-0.25,-0.15,0.93,0.83,-0.82,-0.7,0.31,0.06,-0.08,
0.38,0.06,-0.31,0.62,-0.14,-0.12,-0.56,-0.17,0.84,0.46,0.05,0.34,-0.37,-0.89,-0.68,0.53,-0.4,-0.33,0.23,0.93,0.33,0.69,-0.03,-0.65,0.34,-0.24,0.06,0.15,0.95,-0.83,0.74,0.55,-0.71,-0.28,0.75,-0.69,-0.03,-0.37,0.72,-0.7,0.75,0.95,-1,0.07,-0.44,0,-0.58,0,0.61,-0.43,
0.18,-0.57,-0.92,0.96,-0.72,-0.72,-0.07,0.51,0.43,0.42,-0.49,-0.45,0.05,0.41,0.51,0.99,0.01,0.99,-0.12,-0.68,0.49,-0.38,-0.53,0.6,-0.07,0.33,-0.35,0.21,-0.28,0.43,0.78,0.72,0.37,0,-0.31,0.17,0.72,0.57,0.37,-0.59,0.11,-0.58,-0.14,0.73,0.71,0.86,0.93,-0.2,-0.45,0.71,
-0.64,0.24,-0.45,-0.33,-0.43,-0.35,0.44,-0.3,0.12,-0.09,-0.04,0.84,0.59,-0.79,-0.24,-0.71,-0.9,0.65,-0.74,-0.69,-0.97,-0.66,-0.6,0.85,0.63,-0.89,0.48,0.94,-0.34,-0.26,0.25,0.39,-0.08,-0.58,-0.34,0.4,-0.47,-0.4,-0.1,0.24,0.98,0.36,-0.81,-0.04,0.43,0.06,-0.85,0.82,-0.29,0.15,
0.48,0.62,0.15,0.78,-0.25,0.53,-0.49,0.86,0.4,0.72,0.39,-0.7,0.51,-0.53,-0.19,-0.66,0.58,-0.25,0.7,-0.09,-0.83,0.92,-0.74,-0.34,-0.5,-0.45,0.31,-0.71,-0.49,-0.37,0.97,0.59,0.32,-0.38,-0.12,-0.5,-0.19,-0.81,0.26,0.93,0.87,-0.34,0.4,0.94,-0.14,0.59,-0.66,0.96,0.07,-0.94,
0.05,0.34,-0.69,0.22,-0.56,-0.35,0.24,-0.95,-0.57,0.82,-0.38,-0.04,-0.24,0.62,-1,-0.17,-0.02,-0.11,-1,-0.93,0.71,-0.91,-0.43,0.54,0.16,-0.91,-0.36,-0.41,0.6,0.69,0.21,0.66,-0.59,0.87,-0.18,-0.18,0.74,-0.41,0.44,0.29,0.89,-0.48,-0.27,-0.76,0.31,-0.33,0.14,0.12,-0.58,0.91,
0.62,-0.72,0.78,-0.19,-0.78,-0.79,-0.88,-0.92,-0.94,-0.82,0.06,-1,-0.6,0.95,-0.09,0.48,0.4,0.59,0.1,0.94,-0.2,-0.87,0.08,-0.77,0.97,0.12,0.31,-0.66,-0.75,-0.29,-0.6,-0.79,-0.94,0.48,-0.87,-0.91,0.14,0.86,0.55,-0.11,0.77,0.25,-0.43,0.54,0.69,-0.31,0.18,0.45,-0.8,0.95,
-0.8,-0.15,-0.33,0.11,0.26,-0.61,-0.12,0.77,-0.81,0.28,0.25,-0.78,0.39,-0.34,-0.09,0.17,0.45,-0.67,-0.62,0.07,0.38,-0.89,0.27,0.24,-0.23,0.01,0.46,0.63,0.15,0.28,-0.1,-0.16,-0.19,0.33,0.69,-0.2,-0.72,0.41,0.24,0.2,0.08,0.96,0.65,0.26,0.4,0.42,-0.09,-0.6,-0.44,-0.26,
-0.12,0.1,0.04,-0.06,0.22,-0.21,0.01,0.63,0.4,-0.06,0.3,-0.89,-0.71,0.07,0.09,0.77,0.54,0.83,-0.79,0.28,0.91,-1,-0.79,-0.06,-0.33,0.82,0.7,0.29,0.97,0.73,-0.34,0.95,-0.66,0.56,0.58,-0.82,-0.91,-0.63,0.06,-0.32,-0.76,-0.85,-0.34,-0.27,0.35,-0.04,-0.05,0.37,-0.47,0.5,
0.7,0.28,0.31,0.92,-0.45,0.58,0.82,-0.04,-0.86,-0.32,0.77,-0.4,-0.29,0.72,0.38,-0.87,-0.72,0.28,0.15,0.04,0.39,0.9,-0.72,-0.24,0.87,-0.17,-0.77,0.06,0.35,-0.87,0.97,-0.17,-0.34,0.33,-0.05,0.91,0.14,-0.63,-0.38,0.7,-0.21,0.58,-0.45,0.64,0.02,0.26,0.3,-0.51,-0.03,0.28,
-0.1,0.34,0.61,-0.17,0.22,0.01,-0.85,-0.28,-0.15,-0.89,0.03,-0.86,-0.21,0.84,-0.46,0.28,0.54,-0.86,0.41,0.54,0.56,0.49,-0.7,-0.36,-0.69,0.03,0.35,-0.44,0.04,0.04,0.73,-0.52,0.57,0.04,-0.65,-0.89,0.37,-0.8,0.23,0.36,-0.35,0.69,-0.24,0.95,0.64,0.95,-0.95,0.93,-0.06,0.97,
-0.43,-0.86,-0.22,-0.91,-0.09,0.77,-0.75,-0.89,0.55,0.38,0.9,-0.83,-0.42,-0.82,0.96,0.74,-0.66,0.48,-0.28,-0.05,-0.18,0.95,-0.08,-0.07,-0.91,-0.79,-0.24,-0.07,-0.52,0.34,0.14,-0.72,-0.47,-0.05,-0.23,0.02,-0.95,-0.19,-0.95,0.45,0.86,-0.71,0.15,-0.31,0.73,-0.07,-0.69,0.28,-0.3,0.84,
-0.43,0.27,0.14,-0.34,0.72,0.51,-0.72,-0.98,0.11,-0.79,0.67,-0.43,0.34,0.14,0.94,0.6,-0.67,-0.24,-0.87,-0.76,-0.8,-0.51,0.55,0.59,0.35,0.41,-0.99,-0.1,-0.3,0.65,-0.38,-0.86,0.23,-0.16,0.71,-0.72,0.3,0.27,0.01,-0.71,0.26,0.01,0.05,-0.11,-0.5,0.53,-0.45,-0.22,-0.41,0.54,
0.06,0.83,0,-0.5,0.35,-0.57,0.77,0.5,-0.56,0.52,0.69,0.1,0.39,0.83,-0.7,0.42,0.9,0.53,-0.94,-0.4,-0.31,-0.65,0.11,0.15,-0.06,0.26,0.1,0.91,0.49,0.31,-0.35,0.93,-0.63,-0.39,-0.38,0.66,-0.95,0.34,0.63,-0.81,-0.7,-0.13,-1,-0.65,-0.32,0.46,-0.26,0.73,0.71,-0.9,
-0.11,0.75,0.48,-0.7,0.24,0.2,0.6,0.53,0.47,-0.71,0,-0.86,-0.71,-0.1,0.81,0.54,-0.65,0.95,0.18,-0.66,-0.16,0.71,-0.2,-0.05,0.87,-0.32,-0.42,0.35,-0.53,0.92,-0.35,0.58,-0.51,0.53,0.61,0.73,-0.49,-0.24,0.48,0.53,0.03,0.55,-0.65,-0.69,-0.07,0.38,0.39,0.59,-0.35,0.3,
-0.34,-0.78,-0.4,0.65,0.7,-0.59,-0.02,-0.75,0.56,-0.38,0.73,-0.19,0.53,0.25,-0.92,-0.45,-0.63,-0.36,0.5,-0.21,0.33,0.03,-0.25,0.44,0.22,0.67,-0.01,0.4,0.67,-0.73,0.46,-0.25,-0.84,0.55,-0.88,-0.66,0.31,0.48,-0.14,0.38,0.55,-0.84,-0.88,0.26,-0.66,0.28,0.32,-0.64,-0.85,-0.85,
-0.97,0.92,-0.27,-0.27,-0.61,-0.78,-0.25,0.48,-0.47,0.67,0.44,0.1,-0.8,-0.39,-0.92,0.67,-0.74,0.78,-0.08,-1,-0.15,-0.06,0.5,0.96,-0.48,-0.2,-0.31,-0.54,0.75,0.67,0.04,0.87,0,0.52,-0.76,-0.02,0.56,-0.97,0.07,-0.83,-0.71,-0.1,0.1,0.85,-0.51,-0.98,-0.41,0.4,0.19,0.33,
0.64,-0.86,-0.51,0.02,-0.54,-0.17,0.17,0.02,-0.91,-0.45,0.36,0.03,0.59,-0.88,-0.44,-0.36,0.95,-0.29,-1,0.2,0.81,0.55,-0.34,-0.78,-0.73,0.23,-0.6,-0.04,0.93,-0.02,-0.57,0.38,-0.8,-0.71,-0.28,0.54,0.55,-0.01,0.6,0.22,0.59,-0.08,-0.7,0.89,-0.63,-0.28,-0.45,0.34,0.22,-0.19,
-0.39,-0.39,-0.78,-0.08,0.32,0.07,0.8,-0.4,-0.51,0.68,-0.99,0.12,-0.85,0.71,0.23,0.49,0.4,0.62,-0.4,-0.53,-0.65,0.7,-0.13,-0.8,0.23,-0.75,0.06,0.93,0.13,-0.58,-0.4,0.13,0.45,-0.02,-0.91,0.71,-0.01,0.61,0.8,0.88,0.16,-0.1,-0.08,0.26,-0.51,-0.22,0.94,-0.93,0.15,-0.39,
-0.42,-0.96,-0.04,-0.53,0.12,0.99,-0.38,-0.09,-0.95,0.1,-0.22,0.02,-0.74,-0.21,0.42,0.9,-0.48,-0.91,0.67,-0.29,0.61,0,0.28,-0.46,0.05,-0.64,-0.41,0.4,0.77,0.94,0.11,-0.31,-0.88,0.64,0.25,-0.43,0.47,0.17,0.11,-0.73,0.83,-0.6,-0.7,-0.36,-0.73,0.85,0.55,-0.5,-0.61,-0.31,
-0.28,0.26,0.79,0.79,0.91,-0.25,0.29,-0.89,-0.09,-0.23,-0.29,0.98,0.91,0.92,-0.01,-0.39,0.08,-0.92,-0.37,-0.45,-0.22,0.2,-0.05,0.42,-0.51,-0.82,-0.76,0.69,0.04,-0.53,0.32,0.59,-0.54,0.19,-0.17,-0.26,-0.43,0.54,0.88,-0.66,-0.41,0.76,-0.64,-0.32,0.63,-0.77,0.98,0.46,-0.09,-0.25,
-0.15,-0.08,-0.73,0.15,0.02,0.52,0.11,-0.5,-0.28,0.9,0.24,-0.74,-0.04,0.35,0.21,0.44,-0.19,-0.44,-0.4,-0.24,-0.19,-0.03,0.06,0.99,-0.1,-0.17,0.54,-0.58,0.66,-0.28,-0.4,0.08,0,0.65,0.34,0.4,-0.25,-0.78,-0.04,-0.12,0.16,-0.91,-0.67,0.66,-0.22,0.26,0.29,-0.35,0,-0.71,
0.53,-0.21,-0.51,-0.28,-0.93,-0.6,-0.3,0.47,0.74,0.45,-0.01,-0.19,-0.06,-0.11,0.81,-0.27,-0.44,0.47,0.59,0.77,-0.88,0.98,-0.08,0.45,0.98,0.22,0.23,-0.25,0.35,-0.8,-0.72,-0.43,-1,-0.09,0.71,0.44,0.08,-0.72,0.07,-0.08,0.82,-0.17,0,-0.79,0.37,-0.97,-0.05,-0.2,0.67,0.36,
-0.99,0.92,-0.64,-0.89,0.91,-0.22,-0.65,0.73,-0.42,-0.3,-0.03,0.11,-0.89,0.33,-0.83,-0.1,0.36,-0.6,-0.84,-0.33,0.91,0.83,-0.18,-0.03,0.46,-0.18,-0.63,-0.58,0.63,0.06,-0.08,-0.02,0.3,0.47,-0.62,-0.38,-0.7,0.84,-0.59,-0.84,0.13,0.44,0.12,0.48,-0.54,0.76,-0.31,-0.58,-0.29,-0.67,
-0.65,-0.4,0.3,-0.25,-0.01,-0.89,0.88,0.06,-0.99,-0.7,-0.99,0.04,0.36,0.07,-0.9,0.07,-0.72,0.92,-0.52,-1,-0.7,0.71,-0.76,-0.28,0.41,-0.27,-0.36,-0.66,-0.98,0.33,-0.19,0.06,0.73,-0.51,-0.71,0.85,0.35,-0.99,-0.49,0.72,0.43,0.98,0.12,0.53,0.85,-0.43,-0.2,0.11,-0.24,0.77,
-0.22,0.25,0.63,0.74,-0.6,-0.22,0.42,0.66,0.11,-0.48,0.46,-0.67,0.41,0.55,0.02,0.44,-0.52,0.59,-0.21,-0.33,0.34,0.45,-0.29,-0.57,-0.75,0.25,0.77,0.65,-0.47,0.43,-0.12,0.28,-0.93,0.2,0.52,-0.83,0.13,0.63,0.41,0.49,0.95,0.33,-0.57,0.34,-0.32,-0.8,0.58,-0.42,-0.98,-0.61,
-0.01,-0.75,-0.22,-0.05,0.91,0.01,0.23,0.25,-0.7,0.98,0.84,0,0.98,-0.37,0.16,-0.61,0.26,-0.25,-0.66,0.02,0.61,-0.95,-0.87,0.09,-0.77,0.82,-0.46,-0.46,0.09,0.43,-0.01,0.61,0.8,-0.9,0.62,-0.28,0.76,-0.88,0.19,-0.2,0.14,-0.22,-0.98,-0.79,0.12,0.64,-0.95,0.64,-0.41,-0.87,
0.72,0.19,-0.43,0.57,-0.79,-0.23,-0.07,-0.93,0.3,-0.12,-0.72,0.51,-0.95,0.87,-0.44,0.83,-0.25,0.08,-0.34,-0.84,-0.24,0.5,-0.88,0.79,0.07,0.94,-0.39,0.2,0.69,0.75,0.76,-0.84,0.02,0.83,0.19,0.34,0.62,0.24,-0.56,-0.73,0.69,-0.73,0.77,0.06,0.42,0.43,0.45,0.84,0.45,0.06,
0.66,-0.76,0.87,-0.44,0.87,-0.37,-0.59,0.16,-0.87,0.23,0.92,0.42,-0.14,0.85,0.05,0.73,-0.66,-0.36,0.41,-0.66,0.5,0.12,-0.18,-0.07,0.57,0.67,-0.78,0.49,0.41,-0.55,0.39,0.86,0.78,-0.46,0,0.08,-0.43,-0.92,-0.77,0.61,-1,-0.31,0.15,-0.33,-0.56,-0.57,-0.96,0.45,0.54,0.15,
0.49,0.52,-0.98,-0.13,0.58,-0.84,0.69,-0.69,0.5,-0.81,-0.7,0.81,0.7,-0.88,-0.29,0.2,-0.14,-0.79,-0.15,0.82,-0.57,-0.16,-0.46,-0.14,0.38,-0.54,0.21,-0.31,-0.04,-0.97,0.99,-0.46,0.39,-0.47,0.36,0.27,0.56,0.4,-0.25,0.62,0.17,0.31,0.71,0.62,0.17,-0.43,0.82,0.11,-0.58,0.28,
0.51,0.07,0.98,0.14,-0.29,0.09,0.17,-0.31,-0.61,-0.78,0.17,-0.08,0.85,0.55,0.83,0.37,-0.92,0.3,-0.55,0.83,-0.95,-0.36,-0.23,0.89,-0.57,-0.9,0.09,-0.92,0.09,-0.17,0.19,-0.69,-0.53,-0.47,0.27,0.97,0.15,-0.57,0.62,0.54,0.01,0.19,0.46,0.71,-0.36,0.92,-0.52,0.32,-0.82,-0.54,
0.69,0.79,-0.79,0.77,0.71,0.91,-0.92,0.34,-0.27,0.61,-0.14,0.31,-0.38,0.21,-0.79,0.18,0.75,-0.8,0.46,0.28,0.48,0.48,-0.41,-0.04,-1,0.45,0.16,-0.22,-0.78,0.99,-0.46,-0.88,-0.93,-0.28,-0.15,0.72,-0.35,0.31,0.77,-0.7,-0.5,-0.08,0.44,0.52,-0.94,-0.45,0.29,-0.24,-0.39,-0.53,
-0.08,0.08,-0.99,-0.08,0.13,-0.91,-0.94,-0.07,0.9,-0.4,-0.82,-0.43,0.48,0.16,0.51,0.48,0.56,-0.02,0.83,-0.36,-0.94,0.14,0.2,-0.1,0.47,0.47,-0.92,-0.85,0.16,-0.05,0.14,0.59,0.45,-0.05,0.05,-0.11,-0.53,-0.35,0.97,0.43,0.32,-0.4,0.08,-0.5,-0.16,0.34,-0.01,-0.91,-0.74,-0.65,
-0.64,0.43,-0.61,0.85,-0.98,-0.81,0.58,-0.5,-0.49,0.47,-0.96,-0.03,0.02,0.07,-0.34,0.04,-0.63,-0.97,-0.07,-0.74,-0.56,-0.37,-0.13,-0.71,-0.49,0.23,-0.05,0.3,0.2,0.66,-0.13,0.67,-0.67,0.42,0.64,0,-0.11,-0.79,0.39,0.02,0.76,-0.09,-0.34,0.85,-0.36,0.96,0.09,0.93,0.97,-0.74,
-0.33,-0.26,0.32,-0.62,0.36,0.26,-1,0.47,-0.73,0.83,0.29,0.4,0.62,0.18,0.66,-0.28,-0.47,-0.01,0.16,0.86,-0.51,0.1,0.11,-0.54,0.27,0.5,-0.84,0.68,0,-0.2,0.76,-0.21,-0.03,-0.9,-0.87,-0.73,-0.15,0.12,0.62,-0.49,-0.9,0.98,-0.24,-0.66,0.41,0.75,0.54,0.3,0.62,-0.22,
-0.4,0.45,0.84,0.24,-0.21,0.08,0.21,0.05,0.83,0.13,0.25,0.58,-0.13,0.45,-0.37,0.54,0.82,-0.3,-0.2,-0.49,0.06,0.29,-0.1,-0.37,0.21,0.92,0.12,-0.32,0.73,0.82,0.96,-0.15,0.68,-0.89,0.68,0.9,-0.11,0.01,0.38,-0.5,-0.07,0.35,0.06,-0.1,-0.98,-0.67,-0.07,-0.19,0.11,-0.84,
0.27,0.42,0.2,0.03,-0.39,-0.82,-0.67,-0.94,0.61,-0.41,0.93,-0.49,0.37,0.84,-0.03,-0.62,-0.43,-0.71,-0.88,0.78,0.44,-0.99,-0.83,0.76,-0.03,0.42,-0.85,-0.87,0,0.85,-0.58,0.28,-0.32,-0.41,-0.49,0.89,-0.67,0.27,-0.16,0.09,-0.91,0.49,-0.33,0.21,-0.1,0.98,0.1,-0.72,-0.56,0.93,
-0.27,0.85,0.25,-0.39,-0.32,-0.7,0.16,-0.84,-0.51,-0.45,0.38,-0.2,0.24,0.1,0.74,-0.28,0.72,-0.03,-1,0.33,-0.43,-0.16,-0.28,-0.59,0.82,-0.91,0.04,-0.68,0.12,-0.07,0.83,-0.9,-0.13,0.65,-0.52,0.6,-0.7,-0.68,0.14,-0.51,-0.54,0.51,0.21,-0.69,0.52,0.46,-0.15,0.58,0.78,0.01,
0.69,0.41,-0.6,-0.8,0.02,0.77,-0.29,0.54,0.77,0.82,0.83,-0.12,-0.73,-0.61,0.99,-0.81,0.28,0.36,-0.38,-0.37,-0.25,-0.51,-0.61,0.23,0.67,0.26,0.87,-0.31,0.04,0.33,-0.46,-0.68,0.63,-0.28,0.31,0.87,0.16,0.31,-0.99,-0.4,0.27,0.6,0.38,0.49,-0.67,0.13,0.37,-0.87,-0.69,0.9,
0.96,0.14,-0.53,0.28,0.55,0.89,-0.46,-0.95,-0.6,0.51,-0.99,0.09,0.11,0.55,-0.44,0.63,-0.68,-0.01,0.28,-0.83,-0.42,0.92,-0.83,0.97,-0.26,0.24,0.83,-0.68,0.56,0.38,-0.96,0.7,-0.91,-0.11,-0.54,0.34,0.07,0.97,-0.32,-0.41,-0.47,0.42,-0.21,0.41,0.82,0.25,0.35,0.45,-0.13,-0.48,
-0.8,-0.51,-0.5,-0.23,0.58,0.83,-0.78,0.02,-0.69,-0.32,0.05,-0.49,0.43,0.15,0.81,-0.64,0.52,-0.5,0.02,-0.51,0.47,0.69,0.14,-0.24,0.7,0.19,-0.74,-0.06,0.04,0.29,-0.51,-0.56,-0.3,0.47,-0.18,-0.65,-0.84,-0.8,-0.77,0.86,0.59,-0.39,0.83,-0.69,0.92,0.47,0.99,0.16,-0.23,0.97,
-0.63,-0.81,0.78,0.68,0.53,0.92,-0.58,-0.35,0.56,-0.94,-0.17,0.14,0.41,-0.71,-0.76,0.69,-0.9,-0.17,0.98,-0.31,-0.08,-0.76,0.85,0.55,-0.13,0.9,0.11,0.76,0.6,-0.36,0.65,0.67,-0.69,-0.02,0.29,-0.95,0.35,-0.9,0.28,-0.56,0.48,-0.94,-0.6,-0.79,0.64,-0.7,0.61,0.69,0.85,0.95,
-0.68,-0.26,-0.14,-0.91,0.56,-0.71,-0.68,-1,-0.88,-0.01,0.67,-0.35,-0.04,0.84,0.65,0.83,0.84,0.55,-0.94,0.63,0.22,0.2,0.61,-0.39,0.28,-0.1,0.26,-0.44,-0.44,-0.87,-0.2,0.82,-0.06,-0.97,0.65,-0.57,0.19,0,0.95,-0.06,0.19,0.64,-0.71,-0.55,0.1,0.12,-0.29,-0.11,0.43,0.77,
-0.86,0.94,-0.75,-0.72,-0.48,-0.64,-0.91,0.13,0.06,0.54,0.19,0.95,0.9,0.05,-0.6,-0.29,-1,-0.91,-0.8,-0.44,0.76,0.99,-0.59,-0.26,-0.66,-0.22,0.84,-0.14,-0.56,-0.68,0.9,-0.54,-0.85,-0.12,-0.7,0.06,0.96,0.21,-0.32,-0.99,-0.75,-0.48,0.25,-0.8,0.72,-0.7,-0.54,0.19,0.36,-1,
0.38,0.53,-0.38,0.4,-0.36,0.19,-0.31,0.8,0.24,0.4,0.64,-0.8,-0.47,0.63,-0.92,0.79,0.99,0.28,0.62,-0.94,-0.98,0.56,0.78,0.91,0.46,-0.77,0.7,-0.56,-0.68,-0.97,0.88,0.54,-0.83,-0.85,0.01,0.31,0.98,-0.27,0.34,-0.22,0.72,-0.52,-0.91,0.58,0.16,0.44,0.29,-0.23,-0.07,-0.93,
-0.23,0.71,-0.43,0.6,0.34,0.53,-0.78,-0.86,-0.13,-0.01,-0.3,-0.33,-0.15,-0.46,-0.99,0.05,-0.7,-0.78,0.93,-0.35,-0.29,0.8,-0.7,-0.49,-0.59,-0.55,0.71,-0.39,-0.41,-0.62,0.37,-0.13,-0.78,0.9,0.3,-0.46,0.73,-0.31,-0.43,0.35,0.15,-0.24,-0.52,0.11,-0.1,-0.39,0.3,-0.76,0.45,-0.15,
0.22,0.43,0.57,-0.62,-0.96,-0.72,0.8,-0.26,-0.01,0.38,0.18,-0.72,-0.1,-0.13,-0.96,-0.27,0.98,-0.06,0.74,0.44,0.23,-0.65,-0.29,-0.86,0.35,0.51,-0.24,-0.87,0.8,0.73,0.97,-0.46,0.7,-0.25,0.15,0.8,0.64,0.97,0.07,-0.01,-0.74,0.18,-0.03,-0.75,-0.93,0.29,-0.43,0.16,0.88,0.6,
0.29,0.32,0.88,0.62,0.31,-0.5,-0.19,-0.1,-0.42,-0.03,0.91,0.89,0.63,0.95,-0.28,0.17,-0.29,-0.53,0.12,0.08,0.25,0.7,0.61,-0.02,0.65,-0.48,0.14,-0.33,0.3,-0.55,0.07,0.47,-0.61,0.28,-0.79,0.72,0.9,-0.22,-0.12,0.53,0.57,-0.62,-0.32,-0.17,-0.57,0.31,-0.89,0.08,0.29,0.27,
-0.85,0.14,-0.41,0.99,0.29,-0.69,0.29,-0.22,0.3,-0.38,-0.27,-0.14,0.49,-0.92,-0.6,0.08,0.56,0.84,-0.27,-0.4,0.38,0.48,0.01,-0.22,-0.19,0.98,-0.72,0.83,-0.15,-0.91,0.3,0.14,-0.59,0.43,-0.71,-0.76,0.04,-0.18,-0.62,0.82,0.11,-0.9,-0.46,-0.45,0.21,-0.53,0.47,-0.75,-0.42,-0.04,
-0.4,0.48,-0.03,0.07,-0.75,0.36,0.35,0.49,-0.7,0.98,-0.55,-0.64,-0.43,0.86,-0.78,0.55,-0.58,-0.53,0.76,-0.54,0.47,-0.48,-0.59,-0.21,-0.68,-0.7,0.11,-0.12,0.13,0.42,0.6,-0.98,0.18,0.56,-0.89,-0.23,0.06,0.4,0.99,0.53,0.22,0.52,-0.81,-0.79,0.04,-0.38,0.9,-0.86,0.63,0.96,
0.84,0.62,0.21,0.61,-0.92,-0.32,-0.76,0.17,0.91,-0.25,-0.34,-0.65,-0.4,0.99,0.75,-0.38,-0.9,0.32,0.59,-0.01,-0.93,-0.02,0.36,0.5,-0.13,-0.17,0.64,-0.93,-0.27,-0.13,-0.85,-0.39,-0.53,-0.07,-0.36,-0.81,-0.4,-0.81,0.74,-0.49,-0.19,0.35,-0.95,0.61,0.2,0.27,0.52,0.69,0.41,-0.78,
0.77,0.32,0.93,0.76,-0.45,0.9,0.77,-0.68,0.12,0.95,0.35,-0.21,0.11,-0.72,0.03,-0.44,0.51,-0.47,0.49,-0.26,0.77,-0.03,-0.15,-0.78,-0.26,-0.85,-0.98,0.53,0.21,0.1,0.96,-0.4,0.91,0.03,0.24,0.78,0.92,-0.01,-0.67,-0.74,-0.75,-0.47,-0.28,-0.7,0.23,0.76,0.03,0.87,0.03,0.32,
0.55,-0.9,-0.43,-0.23,0.87,0.02,-0.1,0.41,-0.32,0.91,-0.51,-0.88,0.18,0.74,0.06,-0.79,-0.05,0.38,0.46,-0.34,0.83,-0.9,-0.74,-0.26,-0.24,0.16,-0.9,0.14,-0.85,-0.94,0.11,0.38,-0.06,-0.57,0.27,0.45,0.87,0.68,0.41,0.96,-0.55,-0.85,0.61,0.63,0.01,-0.88,-0.66,0.72,0.08,0.18,
0.1,0.41,-0.33,0.52,0.05,0.72,0.07,0.85,0.24,0.45,-0.77,-0.44,-0.92,-0.7,-0.86,0.24,-0.09,0.81,-0.63,-0.4,-0.42,0.79,0.57,-0.58,-1,0.48,0.52,0.09,-0.7,0.91,-0.1,0.91,0,-0.33,0.1,-0.64,-0.7,-0.98,0.58,-0.48,-0.9,0.97,0.59,-0.01,0.69,0.12,-0.08,0.43,-0.24,0.28,
-0.98,-0.27,0.14,-0.66,0.96,-0.44,0.75,-0.23,0.27,0.86,0.19,-0.49,0.69,0.97,0.87,-0.48,0.18,-0.31,0.78,0.64,-0.49,-0.3,0.32,0.66,0.03,0.49,0.39,-0.99,-0.62,0.22,-0.33,0.54,0.28,-0.75,-0.16,-0.51,-0.82,0.13,-0.22,0.92,-0.33,-0.81,-0.96,-0.9,0.05,0.75,-0.65,-0.03,0.8,0.08,
0.97,0.71,-0.56,-0.36,-0.19,-0.63,0.19,-0.93,0.42,-0.12,0.66,0.9,-0.6,-0.73,0.12,-0.5,-0.75,0.29,-0.85,0,0.96,-0.07,-0.42,0.68,0.26,0.31,0.94,0.43,0.33,-0.03,-0.99,-0.98,0.42,-0.22,0.59,-0.77,0.06,0.93,-0.13,0.29,-0.27,0.81,-0.18,-0.89,0.94,-0.96,-0.65,-0.63,0.6,-0.51,
0.71,-0.18,0.05,-0.57,-0.63,-0.19,0,0.27,-0.4,-0.89,0.93,-0.24,-0.01,-0.56,-0.22,-0.47,0.82,-0.22,0.1,-0.89,0.68,-0.82,0.32,-0.03,0.64,0.85,0.85,0.08,-0.13,0.94,-0.1,-0.98,0.1,0.88,-0.62,-0.02,0.24,0.26,0.51,-0.79,0.59,-0.32,-0.86,0.87,-0.88,0.57,0.08,0.77,0.67,-0.72,
-0.78,0.61,-0.28,0.4,-1,0.95,0.15,0.83,-0.38,0.55,0.5,-0.2,0.91,0.55,-0.52,0.83,0.55,0.78,-0.12,-0.46,0.74,-0.55,-0.17,-0.66,0.25,0.09,-0.09,-0.24,0.77,-0.27,0,-0.28,-0.02,-0.23,0.92,0.73,0.25,-0.17,0.1,0.1,-0.03,-0.1,-0.53,-0.19,0.1,0.56,-0.27,-0.94,0.67,0.64,
0.43,-0.58,-0.58,0.11,0.21,-0.63,0.42,-0.5,0.67,0.92,-0.64,-0.23,0.32,-0.49,0.77,-0.13,0.37,0.82,-0.33,0.78,-0.45,-0.22,-0.51,-0.85,0.85,-0.73,0.04,-0.39,-0.98,-0.04,-0.17,-0.69,-0.73,-0.18,-0.01,-0.56,0.59,0,-0.28,0.47,-0.74,-0.5,-0.86,-0.31,-0.53,0.73,0.63,-0.87,-0.03,-0.77,
0.2,0.42,-0.47,0.99,-0.93,-0.31,0.9,-0.93,0,-0.93,-0.51,0.96,-0.7,0.47,-0.5,-0.14,-0.36,0.79,0.18,0.93,-0.89,-0.69,0.31,0.14,0.75,-0.9,0.25,0.82,0.14,-0.27,-0.9,0.36,-0.05,0.86,-0.28,-0.11,0.46,-0.91,0.33,-0.39,0.71,0.77,-0.69,-0.81,-0.03,-0.19,-0.22,-0.79,0.62,-0.4,
0.51,0.14,0.84,-0.38,0.62,-1,0.26,-0.32,0.5,0.25,-0.25,0.79,-0.33,0.44,-0.3,0.23,0.84,-0.32,-0.33,-0.71,-0.3,0.17,-0.08,0.95,-0.71,-0.87,-0.4,-0.12,0.58,-0.59,0.28,-0.52,-0.92,-1,0.03,0.92,-0.85,0.48,0.16,-0.43,-0.66,-0.8,-0.75,0.37,0.71,0.28,0.65,0.55,-0.47,0.91,
0.93,0.44,0.37,-0.14,-0.84,0.98,0.21,-0.34,-0.14,0.92,-0.83,0.84,-0.97,-0.22,-0.25,-0.74,0.03,0.74,0.7,0.09,-0.68,0.39,-0.43,0.21,0.21,0.17,0.08,0.21,0.42,0.21,-0.85,-0.49,0.09,-0.97,-0.78,0.38,0.35,0.37,0.89,-0.34,0.36,-0.27,-0.99,-0.57,-0.66,-0.38,0.66,0.7,0.45,-0.53,
0.87,0.64,0.39,-0.83,0.31,-0.15,-0.46,-0.86,0.81,-0.91,0.34,0.42,0.66,0.76,0.51,-0.55,0.25,-0.77,-0.52,-0.64,-0.6,-0.64,-0.75,-0.56,-0.31,0.62,0.1,0.29,0.31,0.1,0.48,-0.48,-0.26,-0.91,-0.96,0.07,-0.36,-0.28,0.02,-0.79,-0.94,0.28,0.19,-0.52,0.06,0.98,0.18,0.74,-0.7,0.82,
-0.72,0.68,0.53,-0.27,-0.42,0.77,-0.71,0.41,0.27,-0.86,-0.51,-1,0.85,0.55,0.91,0.24,-0.96,0.38,0.36,0.78,-0.03,-0.11,0.19,-0.28,0.13,-0.83,0.32,-0.16,0.95,-0.14,0.38,-0.94,-0.1,-0.16,0.7,-0.91,-0.66,-0.3,-0.59,0.63,0.56,0.65,-1,-0.46,-0.44,0.19,0.47,0.81,-0.74,-0.87,
-0.8,0.7,0.69,-0.66,-0.68,0.19,0.4,0.69,0.38,0.08,-0.07,0.74,-0.69,0.77,0.54,0.76,-0.34,-0.56,-0.26,-0.79,-0.91,-0.31,-0.94,0.1,-0.04,-0.68,0.52,0.97,-0.72,-0.33,0.59,-0.15,0.22,0.85,0.31,-0.04,0.13,0.66,-0.05,0.02,-0.46,0.08,0.81,0.57,-0.62,0.25,0.5,-0.48,0.13,-0.5,
0.21,0.49,0.57,0.15,-0.72,0.54,0.13,0.6,-0.51,0.43,-0.25,0.92,-0.97,-0.2,-0.48,0.27,-0.75,0.16,-0.26,0.33,-0.82,0.94,-0.3,0.97,-0.82,-0.81,-0.92,-0.64,-0.88,0.29,0.51,-0.65,-0.2,0.42,0.57,-0.87,-0.85,0.44,0.63,0.01,0.57,0,0.77,-0.5,0.97,-0.6,0.44,0.08,-0.17,-0.79,
