0.38,0.58,-0.74,-0.74,-0.36,-0.3,-0.47,-0.71,0.91,0.24,0.84,-0.08,-0.25,0.25,-0.28,0.15,
-0.6,0.8,0.49,-0.4,0.11,0.97,-0.39,0.94,0.05,0.19,-0.42,0.09,0.47,-0.51,0.62,-0.68,
-0.1,0.48,0.99,0.43,-0.03,-0.75,-0.46,0.57,0.61,0.57,-0.81,-0.71,-0.27,0.06,0.49,0.35,
0.18,-0.04,0.25,-0.95,-0.64,-0.16,-0.63,0.9,0.89,-0.53,-0.85,-0.49,-0.18,0.14,-0.33,0.45,
-0.6,-0.76,-0.39,0.58,0.16,-0.86,-0.22,-0.45,-0.09,0.34,0.14,-0.19,-0.01,0.7,-0.17,0.51,
0.74,-0.61,-0.32,-0.64,0.44,-0.69,0.52,0.93,-0.78,0,0.23,-0.83,-0.11,-0.58,-0.19,0.7,
-0.88,0.08,-0.54,-0.53,-0.1,-0.42,0.81,0.88,-0.56,-0.83,0.9,-0.82,-0.9,-0.96,-0.02,0.16,
0.43,0.29,-0.2,-0.27,0.38,0.83,0.25,-0.66,0.3,0.19,0.91,0.98,0.13,0.92,0.79,0.49,
-0.79,0.52,0.92,-0.98,-0.73,0.59,0.48,0.24,0.8,0.58,-0.55,0.58,-0.31,-0.92,-0.82,0.18,
-0.82,0.11,-0.89,-0.81,0.31,0.63,0.42,-0.17,-0.67,0.03,0.48,-0.89,0.7,0.4,-0.65,0.84,
-0.65,0.62,-0.39,-0.62,-0.94,0.96,-0.03,-0.37,0.81,-0.65,-0.36,0.1,0.81,-0.38,0.63,0.49,
0.82,-0.03,0.64,0.31,0.06,-0.25,0.54,-0.58,-0.24,-0.88,-1,0.2,-0.49,0.67,0.52,-0.8,
0.19,0.48,-0.4,0.56,-0.8,0.29,-0.55,0.81,-0.15,-0.42,-0.52,-0.66,-0.42,-0.77,-0.78,0.04,
-0.24,-0.15,-0.82,0.22,-0.76,-1,0.45,-0.44,-0.41,0.35,-0.95,-0.55,-0.79,-0.28,0.7,0.37,
0.93,0.41,-0.87,-0.56,-0.72,-0.05,-0.91,-0.47,-0.8,0.31,-0.57,-0.26,-0.49,-0.74,-0.51,-0.2,
0,0.09,-0.93,-0.46,-0.15,0.6,0.62,0.33,0.73,0.91,-0.99,0.62,-0.12,0.27,-0.11,0.51,
-0.35,-0.62,0.59,0.1,0.03,0.73,0.71,0.92,-0.57,0.16,-0.17,0.66,0.21,-0.85,-0.71,-0.86,
0.73,0.28,-0.9,0.11,0.28,-0.7,-0.77,-0.44,-0.33,0.24,-0.54,0.26,0.63,-0.48,-0.55,0.81,
0.01,-0.38,-0.8,0.46,-0.8,0.55,-0.23,-0.86,0.61,0.75,0.11,-0.07,-0.33,0.51,0.47,-0.92,
-0.93,-0.37,-0.09,-0.69,-0.99,-0.45,-0.61,-0.25,0.8,0.75,-0.57,0.87,0.34,0.76,-0.94,0.17,
-0.04,0.97,-0.33,-1,0.32,0.14,0.09,-0.29,0.12,0.63,0.91,-0.04,0.3,0.69,0.54,0.02,
0.08,0.29,0.94,-0.64,0.62,-0.71,-0.09,-0.88,-0.91,-0.53,0.43,0.75,0.62,-0.58,0.72,0.17,
-0.04,0.23,-0.48,0.03,0.99,-0.03,-0.23,-0.81,-0.15,0.61,-0.34,0.35,0.25,0.81,-0.35,-0.26,
-0.99,-0.3,-0.53,0.36,0.68,-0.45,-0.11,0.88,-0.59,0,-0.16,-0.89,-0.85,-0.97,0.75,0.42,
0.73,-0.19,0.11,0.76,-0.48,-0.68,-0.41,-0.51,-0.02,0.12,0.3,0.86,0.41,-0.16,0.62,0.38,
-0.27,0.9,-0.42,0.29,-0.38,0.17,0.78,-0.01,-0.79,-0.06,-0.83,-0.69,-0.64,-0.11,-0.21,0.6,
-0.75,0.74,-0.07,-0.41,0.63,-0.76,-0.99,-0.1,0.91,-0.44,0.58,-0.83,-0.26,-0.23,-0.08,0.43,
0.62,-0.42,0.56,0.28,-0.18,0.44,0.34,-0.28,-0.15,0.82,0.74,0.94,-0.26,-0.22,0.48,-0.98,
0.37,-0.33,0.32,0.12,0.5,-0.12,0.42,0.74,-0.09,0.94,0.42,-0.89,-0.41,0.76,0.34,0.77,
-0.64,-0.67,-0.57,-0.96,0.48,-0.29,0.98,-0.23,-0.76,0.79,0.71,-0.86,0.21,-0.1,-0.21,0.42,
-0.44,0.82,-0.23,0.1,0.3,0.52,-0.42,-0.31,0.91,-0.8,0.54,-0.58,-0.92,0.09,-0.98,0.28,
0.84,0.72,-0.2,-0.21,-0.47,-0.81,0.44,-0.52,-0.45,0.58,-0.28,0.21,-0.28,0.24,-0.7,0.54,
0.47,0.77,0.93,0.91,-0.66,-0.76,0.89,-0.21,-0.01,-0.43,-0.5,0.64,0.07,0.49,-0.29,0.56,
-0.46,0.93,-0.96,-0.05,-0.07,0.46,-0.87,-0.42,-0.83,0.26,0.26,0.64,0.99,0.24,0.63,0.83,
-0.95,0.64,0.58,0.69,0.64,0.53,-0.93,-0.89,0.18,-0.78,0.03,-0.42,0.77,0.75,-0.15,0.56,
0.81,-0.58,-0.31,-0.87,-0.25,-0.38,0.1,-0.17,0.43,0.79,-0.41,0.51,0.83,0.78,-0.96,0.41,
-0.88,-0.47,0.02,0.17,-0.04,0.7,0.84,-0.57,-0.92,0.97,-0.69,-0.81,-0.79,-0.16,-0.8,0.3,
-0.38,0.59,0.81,-0.83,-0.2,0.83,0.38,-0.97,-0.12,-0.55,0.84,0.69,-0.92,-0.14,-0.89,0.8,
-0.6,0.82,0.03,-0.73,-0.53,0.8,-0.76,0.89,0.55,-0.79,-0.97,-0.67,-0.55,0.47,0.17,-0.24,
-0.52,-0.22,0.54,0.39,0.95,0.39,-1,-0.03,-0.71,-0.55,-0.71,0.32,-0.99,0.93,0.75,0.87,
0.22,0.19,0.87,-0.9,0.77,0.02,-0.37,-0.02,-0.72,-0.38,0.08,0.7,0.93,0.16,-0.86,-0.33,
