0.74,-0.96,-0.59,-0.3,0.72,-0.2,0.72,-0.3,0.19,0.21,-0.03,0.09,-0.25,0.89,0.04,0.5,-0.79,0.09,-0.1,-0.69,-0.62,
0.95,0.95,-0.33,0.22,0.33,0.36,0.76,-0.27,0.23,0.81,-0.27,0.42,0.9,0.22,0.42,-0.86,0.13,-0.13,-0.65,-0.65,-0.47,
0.33,0.98,-0.82,-0.85,0.35,0.33,-0.74,0.89,0.05,0.2,-0.85,0.13,0.04,-0.26,0.33,0.96,0.46,-0.38,-0.12,-0.13,0.51,
-0.12,-0.97,-0.94,0.84,0.53,-0.69,0.58,0.03,-0.77,0.51,0.53,-0.93,-0.71,-0.81,-0.93,0.73,-0.94,-0.11,0.67,0.76,-0.84,
0.38,0.82,-0.95,-0.7,-0.8,0.36,0.18,-0.78,0.71,-0.63,-0.88,0.73,0.34,0.49,-0.34,-0.52,-0.2,0.35,-0.48,0.72,0.23,
0.89,0.44,-1,-0.32,0.73,-0.73,0.05,0.63,-0.56,-0.69,-0.7,0.69,-0.8,-0.24,-0.38,-0.05,-0.92,-0.23,-0.29,0.72,-0.4,
-0.32,0.36,-0.37,0.54,-0.51,0.69,0.18,-0.81,0.9,-0.35,-0.13,0.39,-0.3,-0.92,0.65,-0.6,-0.36,0.82,-0.46,-0.08,0.43,
-0.96,-0.98,-0.36,0.88,-0.9,0.89,0.4,-0.06,-0.44,0.69,0.97,0.2,0.37,0.74,0.98,-0.41,-0.07,-0.88,-0.18,-0.3,0.02,
-0.65,-0.83,0.32,0.17,0.12,-0.35,0.49,-0.3,0.54,0.9,0.91,-0.51,0.34,-0.87,0.1,-0.66,-0.12,-0.63,-0.51,0.23,-0.81,
0.12,-0.05,-0.83,-0.97,-0.99,0.38,-0.72,0.6,0.49,-0.25,-0.01,-0.54,-0.53,-0.85,-0.76,0.47,-0.45,-0.28,0.83,-0.91,0.63,
-0.93,-0.95,0.01,0.53,0.68,-0.94,-0.38,-0.89,-0.3,0.19,0.78,0.64,-0.82,-0.7,-0.31,0.86,-0.3,0.83,0,-0.32,-0.54,
0.2,-0.83,-0.06,0.21,-0.13,-0.2,0.47,0.24,-0.82,0.85,-0.98,-0.05,0.12,-0.94,0.64,-0.47,0.82,0.04,-0.23,-0.38,-0.8,
-0.63,-0.03,0.03,0.85,-0.14,-0.83,-0.87,0.96,0.34,0.82,-0.14,-0.87,0,-0.71,-0.11,-0.96,0.17,0,0.5,-0.76,-0.01,
0.8,-0.28,-0.9,-0.09,-0.85,-0.5,-0.66,0.9,-0.72,-0.92,-0.98,0.26,0.84,-0.68,-0.65,-0.88,0.03,-0.91,0.73,0.75,-0.8,
-0.73,0.07,0.99,0.97,-0.21,0.97,-0.58,0.63,0.6,-0.05,0.59,0.04,0.69,-0.97,-0.66,-0.34,0.37,0.15,0.52,-0.37,-0.31,
-0.59,-0.89,0.85,-0.55,0.14,-0.04,0.56,0.78,0.52,0.66,-0.95,0.97,0.44,0.06,-0.14,0.88,-0.4,-0.27,0.43,0.61,-0.91,
-0.79,0.27,-0.73,0.95,0.8,0.32,-0.11,0.27,0.41,-0.45,0.16,0.77,-0.07,0.87,-0.24,-0.2,-0.27,-0.69,-0.54,0.35,0.25,
-0.18,0.17,-0.79,0.96,-0.13,-0.37,-0.85,0.29,0.38,-0.83,-0.07,0.97,0.05,-0.39,0.22,-0.19,-0.78,-0.58,-0.77,0.59,-0.48,
0.33,-0.81,-0.88,0.99,0.91,0.96,-0.35,0.21,-0.45,0.93,-0.66,0.87,0.38,0.47,0.34,0.69,-0.76,0.2,-0.35,0.69,-0.44,
0.22,0.5,-0.31,0.03,0.2,-0.43,0.67,0.25,-0.64,0.32,0.73,0.84,-0.31,0.76,-0.79,-0.55,-0.87,-0.54,0.3,-0.08,0.58,
0.5,-0.53,-0.32,0.44,0.36,0.39,0.75,-0.38,-0.9,-0.86,0.67,0.22,-0.34,-0.4,0.61,-0.78,0.64,-0.76,-0.35,0.48,0.01,
0.14,0.74,0.68,-0.04,-0.24,-0.05,0.65,-0.91,-0.67,-0.46,0.97,-0.03,-0.54,0.48,0.9,0.06,-0.54,-0.39,0.29,-0.4,-0.91,
0.02,0,0.83,-0.79,0.56,-0.74,0.61,0.36,-0.86,-0.75,0.3,-0.56,-0.78,-0.15,-0.14,-0.88,-0.48,-0.33,-0.98,-0.22,0.16,
0.44,0.71,0.94,0.13,0.71,-0.32,0.14,-0.27,-0.59,-0.53,-0.19,-0.97,0.76,-0.78,0.77,0.83,0.33,0.45,0.44,-0.47,-0.18,
-0.98,0.07,0.92,0.54,-0.36,0.34,-0.4,-0.85,0.93,-0.42,-0.7,-0.7,-0.32,0.52,-0.09,0.61,-0.7,-0.3,0.8,-0.86,-0.26,
-0.85,0.12,0.58,-0.38,0.51,0.86,-0.6,0.16,-0.28,-0.39,-0.54,-0.45,0.18,0.57,0.13,0.19,-0.26,-0.76,0.21,0.34,-0.95,
0.96,0.51,0.55,0.47,0.39,-0.53,-0.13,-0.82,-0.39,0.68,-0.53,-0.49,0.64,0.66,-0.67,-0.2,-0.14,0.77,-0.26,-0.61,-0.62,
-0.69,-0.93,0.34,-0.96,0.6,0.06,-0.85,0.74,-0.19,-0.68,-0.46,-0.77,-0.97,0.37,-0.75,-0.92,0.64,-0.76,-0.29,0.08,0.19,
0.08,-0.8,-0.44,0.68,0.17,0.4,0.14,0.38,-0.41,-0.47,0.21,0.64,0.71,0.23,-0.71,-0.03,0.87,-0.3,-0.27,-0.93,-0.19,
-0.46,0.66,-0.17,-0.78,0.86,0.78,-0.66,-0.59,0.81,-0.43,-0.17,-0.98,0.78,-0.58,0.16,-0.81,0.78,0.82,-0.82,-0.86,0.48,
0,-0.79,-0.25,0.88,-0.91,-0.82,-0.76,-0.94,-0.94,0.55,0.27,0.56,-0.1,0.49,-0.82,-0.37,-0.43,-0.12,0.62,0.39,0.25,
0.72,0.76,-0.94,0.81,0.78,-0.73,-0.81,-0.57,0.45,0.48,0.45,-0.34,0.62,0.66,-0.27,-0.69,0.57,0.87,-0.2,0.27,-0.63,
-0.66,0.21,-0.26,-0.74,0.73,-0.28,0.5,-0.22,-0.74,0.78,0.03,-0.97,0.52,-0.92,-0.86,0.38,0.17,-0.06,-0.36,0.42,-0.55,
-0.05,0.36,-0.73,-0.86,-0.65,0.59,-0.91,-0.58,-0.24,-0.89,0.1,0.24,0.17,-0.62,-0.9,0.02,0.56,0.52,-0.32,0.31,0.05,
-0.05,-0.14,-0.52,0.43,0.19,-0.4,0.85,0.4,0.57,-0.65,-0.11,0.32,-0.12,-0.6,0.05,-0.34,0.06,0.02,-0.71,-0.67,-0.02,
0.8,-0.32,0.19,0.5,-0.78,0.27,0.47,-0.44,-0.26,0.23,-0.99,0.18,0.98,-0.42,0.64,0.67,-0.75,-0.54,-0.64,-0.9,-0.85,
0.68,0.52,0.93,-0.27,-0.84,0.01,-0.78,0.32,0.26,-0.53,0.25,-1,-0.43,-0.93,0.23,-0.48,0.34,-0.29,0.17,0.93,0.71,
0.54,0.31,-0.8,0.4,-0.53,-0.78,-0.69,-0.31,0.67,0.6,0.7,0.05,-0.24,0.55,0.82,-0.25,0.49,0.1,0.23,-0.88,-0.61,
-0.49,0.79,-0.96,-0.93,-0.88,0.9,-0.48,0.73,-0.85,0.35,0.95,-0.73,-0.93,-0.78,0.27,-0.77,-0.23,-0.12,0.42,-0.4,0.82,
0.56,-0.38,0.44,0.03,0.35,0.94,-0.75,-0.53,-0.65,0.02,-0.11,0,-0.01,0.09,0.8,0.85,0.54,-0.6,0.6,-0.38,0.97,
-0.98,0.89,0.28,0.18,-0.5,0.16,0.87,-0.42,-0.59,0.16,-0.63,0.25,-0.31,-0.41,-0.4,-0.47,0.4,0.86,0.55,-0.08,-0.87,
0.32,0.61,-0.34,-0.8,-0.35,0.23,-0.66,-0.32,0.26,0.95,0.55,0.22,0.83,-0.76,0.79,0.83,-0.93,0.68,-0.13,0.26,0.43,
0.23,0.98,0.59,0.09,0.79,0.02,0.71,0.27,-0.99,0.5,0.37,-0.75,0.77,-0.37,0.76,0.72,-0.2,0.81,0.66,0.59,-0.87,
0.7,-0.35,-0.75,0.34,-0.24,0.96,0.68,0.33,-0.7,-0.88,-0.8,-0.09,0.25,-0.97,0.12,0.06,-0.64,0.89,0.22,-0.03,-0.34,
0.61,-0.12,0.24,-0.43,-0.97,-0.47,0.31,0.79,0.75,-0.32,-0.88,-0.84,-1,-0.23,-0.57,-0.49,-0.98,-0.06,-0.83,-0.7,0,
0.4,0.62,0.23,0.07,0.38,-0.81,0.17,0.23,-0.2,-0.32,-0.06,0.19,0.6,0.39,0.3,-0.57,-0.31,0.85,-0.89,0.03,-0.79,
-0.19,0.83,-0.21,-0.99,-0.22,-0.61,0.45,0.38,0.56,0.45,-0.22,-0.38,-0.26,0.44,-0.87,-0.49,0.18,0.31,-0.15,0.23,-0.19,
-0.81,0.37,0.37,-0.47,-0.19,0.29,-0.49,-0.32,0.27,-0.06,-0.91,0.71,0.09,-0.22,-0.31,-0.85,0.76,-0.91,-0.25,-0.22,-0.54,
-0.82,-0.41,-0.26,-0.31,-0.98,-0.96,0.69,0.72,-0.9,0.07,-0.52,0.3,0.2,-0.56,-0.74,0.9,0.09,-0.91,-0.81,0.74,0.96,
-0.19,-0.74,-0.8,-0.48,0.3,-0.94,0.66,0.45,-0.26,-0.6,0.89,-0.84,-0.26,0.22,0.44,-0.1,0.4,0.98,0.54,0.16,0.35,
0.3,-0.91,-0.64,0.93,-0.58,0.53,-0.14,0.88,0.51,-1,0.6,-0.24,-0.13,-0.49,-0.5,0.04,0.8,-0.59,0.79,0.58,0.93,
-0.22,0.84,-0.08,0.55,-0.49,-0.39,-0.71,-0.4,0.4,-0.59,0.12,-0.06,-0.58,-0.07,0.19,-0.78,-0.5,-0.46,0.1,0.91,0.17,
0.71,-0.09,-0.43,0.54,0.36,0.5,-0.2,0.69,0.65,0.76,0.86,-0.03,0.21,0.05,0.56,0.01,0.07,-0.4,0.72,0.06,0.46,
-0.78,0.88,-0.24,-0.97,0.51,-0.95,0.05,-0.49,-0.93,-0.89,-0.62,0.89,-0.87,-0.36,-0.68,0.98,-0.96,-0.73,0.82,0.68,0.36,
-0.1,0.18,0.48,0.12,0.49,-0.63,0.15,-0.81,0.09,0.79,0.43,0.51,-0.63,-0.06,-0.23,-0.28,-0.68,-0.7,-0.22,-0.21,-0.09,
0.37,0.74,0.87,0,-0.29,0.4,-0.56,0.16,0.45,-0.8,0.97,-0.59,0.89,0.37,0.53,0.42,-0.95,0.51,0.78,0.43,-0.99,
-0.05,0.98,0.12,-0.58,0.32,0.23,0.02,-0.51,-0.53,-0.63,0.6,0.59,-0.46,0.49,0.18,-0.3,0.86,0.15,-0.09,0.52,-0.12,
-0.84,-0.29,0.11,-0.52,0.09,-0.84,-0.88,-0.23,-0.99,-0.57,0.31,0.24,-0.03,-0.71,0.35,-0.76,-0.6,0.43,0.7,-0.71,-0.67,
-0.75,0.12,0.96,0.22,0.65,0.09,-0.85,0.8,-0.6,0,0.1,0.36,0.73,-0.34,0.92,-0.32,-0.65,-0.34,-0.71,-0.94,0.67,
-0.59,0.64,0.93,-0.87,0.49,-0.27,0.74,-0.89,-0.82,0.14,0.56,0.66,-0.95,0.37,-0.41,0.86,0.57,-0.4,0.65,0.96,-0.14,
-0.72,0.58,-0.02,0.83,0.71,0.26,-0.31,0.75,0.45,-0.24,0.09,0.56,0.76,-0.31,0.02,0.64,-0.93,0.09,-0.41,-0.05,0.08,
0.42,-0.84,0.08,0.5,-0.69,0.48,0.56,0.69,0.42,0.34,0,-0.81,-0.59,-0.7,0.11,0.99,-0.83,0.36,-0.89,-1,0.45,
-0.15,-0.58,0.04,-0.46,0.47,-0.8,0.53,-0.85,-0.7,-0.09,0.08,-0.06,-0.22,-0.37,-0.92,-0.29,-0.49,0.39,0.5,0.92,-0.22,
0.36,0.31,0.7,0.78,0.44,-0.15,0.2,-0.33,0.1,0.69,-0.63,0.74,0.24,-0.56,-0.57,-0.91,-0.39,0.44,0.85,0.32,-0.24,
0.62,-0.39,0.04,-0.96,-0.74,-0.02,-0.45,0.14,-0.09,-0.33,-0.39,0.2,0.79,-0.51,-0.87,0.96,-0.15,-0.51,0.67,0.12,0.33,
0.06,0.84,-0.98,0.15,-0.55,-0.42,-0.05,0.17,0.42,0.02,-0.32,-0.94,0.94,0.59,-0.31,-0.81,0.61,-0.19,0.78,0.35,0.26,
-0.74,0.74,-0.79,-0.23,0.67,-0.11,-0.22,0.96,0.54,0.53,-0.56,0.57,-0.49,0.97,-0.13,0.71,0.81,0.94,0.41,0.23,-0.33,
-0.99,0.91,0.58,-0.18,0.29,0.38,-0.72,-0.2,0.05,0.15,0.7,0.65,-0.11,0.43,0.74,0.37,0.69,0.62,0.95,0.26,-0.35,
-0.46,-0.43,0.04,0.07,0.82,-0.22,0.38,0.98,0.95,-0.33,0.55,-0.39,-0.37,0.52,-0.75,-0.52,0.04,-0.74,0.96,0.52,-0.85,
0.74,-0.22,0.84,0.06,-0.78,-0.58,-0.73,-0.13,0.15,-0.41,0.53,0.86,-0.41,0.02,0.82,0.45,-0.38,0.7,-0.56,-0.46,-0.4,
0.5,0.11,-0.56,0.21,-0.47,0.29,-0.23,0.71,0.02,-0.36,-0.65,0.87,0.1,0.17,0.74,-0.82,-0.66,0.35,0.9,-0.29,0.03,
-0.21,-0.66,-0.22,0.33,-0.8,-0.6,0.54,0.96,-0.98,0.65,-0.14,-0.31,0.35,0.19,0.13,0.4,-0.3,-0.83,-0.6,0.97,0.28,
0.67,-0.35,0.89,-0.29,0.79,-0.39,-0.43,0.16,-0.37,0.16,0.25,-0.56,-0.4,-0.84,0.1,0.03,0.46,-0.33,0.44,-0.9,-0.51,
-0.5,0.2,-0.71,0.2,-0.13,-0.59,0.02,0.56,-0.35,0.77,-0.53,0.87,-0.29,0.45,0.66,-0.44,0.65,-0.12,-0.24,-0.18,-0.23,
-0.02,0.45,0.29,-0.99,0.44,0.26,0.05,0.84,-0.77,-0.34,-0.42,-0.52,0.73,0.05,0.66,0.71,0.21,-0.11,-0.07,0.33,-0.33,
0.11,0.9,0.73,-0.72,0.86,-0.53,0.38,0.59,0.02,0.1,-0.76,-0.21,-0.55,0.45,-0.5,0.39,-1,-0.33,0.62,0.52,0.72,
0.84,0.99,-0.06,-0.41,-0.01,-0.93,-0.46,0.27,0.33,-0.07,-0.82,0.91,-0.75,-0.48,-0.71,0.47,0.58,-0.55,0.32,0.3,0.65,
-0.71,0.65,-0.61,0.79,0.07,0.59,-0.77,0.45,-0.68,0.95,-0.06,-0.82,-0.2,0.78,-0.33,-0.55,-0.28,-0.69,0.45,0.16,-0.51,
0.1,0.03,0.96,-0.08,-0.48,-0.34,0.02,0.1,-0.67,0.13,0.49,-0.23,-0.32,0.21,-0.59,-0.97,0.01,-0.98,-0.01,-0.33,0.61,
