0.934,-0.4754,-0.8573,-0.7847,-0.1556,-0.7645,0.0862,0.0317,-0.6623,0.1533,0.2302,-0.4911,-0.0734,0.3903,
0.934,-0.4754,-0.8573,-0.7847,-0.1556,-0.7645,0.0862,0.0317,-0.6623,0.1533,0.2302,-0.4911,-0.0734,0.3903,
0.934,-0.4754,-0.8573,-0.7847,-0.1556,-0.7645,0.0862,0.0317,-0.6623,0.1533,0.2302,-0.4911,-0.0734,0.3903,
0.934,-0.4754,-0.8573,-0.7847,-0.1556,-0.7645,0.0862,0.0317,-0.6623,0.1533,0.2302,-0.4911,-0.0734,0.3903,
0.934,-0.4754,-0.8573,-0.7847,-0.1556,-0.7645,0.0862,0.0317,-0.6623,0.1533,0.2302,-0.4911,-0.0734,0.3903,
0.934,-0.4754,-0.8573,-0.7847,-0.1556,-0.7645,0.0862,0.0317,-0.6623,0.1533,0.2302,-0.4911,-0.0734,0.3903,
0.934,-0.4754,-0.8573,-0.7847,-0.1556,-0.7645,0.0862,0.0317,-0.6623,0.1533,0.2302,-0.4911,-0.0734,0.3903,
0.934,-0.4754,-0.8573,-0.7847,-0.1556,-0.7645,0.0862,0.0317,-0.6623,0.1533,0.2302,-0.4911,-0.0734,0.3903,
0.934,-0.4754,-0.8573,-0.7847,-0.1556,-0.7645,0.0862,0.0317,-0.6623,0.1533,0.2302,-0.4911,-0.0734,0.3903,
0.934,-0.4754,-0.8573,-0.7847,-0.1556,-0.7645,0.0862,0.0317,-0.6623,0.1533,0.2302,-0.4911,-0.0734,0.3903,
0.934,-0.4754,-0.8573,-0.7847,-0.1556,-0.7645,0.0862,0.0317,-0.6623,0.1533,0.2302,-0.4911,-0.0734,0.3903,
0.934,-0.4754,-0.8573,-0.7847,-0.1556,-0.7645,0.0862,0.0317,-0.6623,0.1533,0.2302,-0.4911,-0.0734,0.3903,
0.934,-0.4754,-0.8573,-0.7847,-0.1556,-0.7645,0.0862,0.0317,-0.6623,0.1533,0.2302,-0.4911,-0.0734,0.3903,
0.934,-0.4754,-0.8573,-0.7847,-0.1556,-0.7645,0.0862,0.0317,-0.6623,0.1533,0.2302,-0.4911,-0.0734,0.3903,
0.934,-0.4754,-0.8573,-0.7847,-0.1556,-0.7645,0.0862,0.0317,-0.6623,0.1533,0.2302,-0.4911,-0.0734,0.3903,
0.934,-0.4754,-0.8573,-0.7847,-0.1556,-0.7645,0.0862,0.0317,-0.6623,0.1533,0.2302,-0.4911,-0.0734,0.3903,
0.934,-0.4754,-0.8573,-0.7847,-0.1556,-0.7645,0.0862,0.0317,-0.6623,0.1533,0.2302,-0.4911,-0.0734,0.3903,
0.934,-0.4754,-0.8573,-0.7847,-0.1556,-0.7645,0.0862,0.0317,-0.6623,0.1533,0.2302,-0.4911,-0.0734,0.3903,
0.934,-0.4754,-0.8573,-0.7847,-0.1556,-0.7645,0.0862,0.0317,-0.6623,0.1533,0.2302,-0.4911,-0.0734,0.3903,
0.934,-0.4754,-0.8573,-0.7847,-0.1556,-0.7645,0.0862,0.0317,-0.6623,0.1533,0.2302,-0.4911,-0.0734,0.3903,
0.934,-0.4754,-0.8573,-0.7847,-0.1556,-0.7645,0.0862,0.0317,-0.6623,0.1533,0.2302,-0.4911,-0.0734,0.3903,
0.934,-0.4754,-0.8573,-0.7847,-0.1556,-0.7645,0.0862,0.0317,-0.6623,0.1533,0.2302,-0.4911,-0.0734,0.3903,
0.934,-0.4754,-0.8573,-0.7847,-0.1556,-0.7645,0.0862,0.0317,-0.6623,0.1533,0.2302,-0.4911,-0.0734,0.3903,
0.934,-0.4754,-0.8573,-0.7847,-0.1556,-0.7645,0.0862,0.0317,-0.6623,0.1533,0.2302,-0.4911,-0.0734,0.3903,
0.934,-0.4754,-0.8573,-0.7847,-0.1556,-0.7645,0.0862,0.0317,-0.6623,0.1533,0.2302,-0.4911,-0.0734,0.3903,
0.934,-0.4754,-0.8573,-0.7847,-0.1556,-0.7645,0.0862,0.0317,-0.6623,0.1533,0.2302,-0.4911,-0.0734,0.3903,
0.934,-0.4754,-0.8573,-0.7847,-0.1556,-0.7645,0.0862,0.0317,-0.6623,0.1533,0.2302,-0.4911,-0.0734,0.3903,
0.934,-0.4754,-0.8573,-0.7847,-0.1556,-0.7645,0.0862,0.0317,-0.6623,0.1533,0.2302,-0.4911,-0.0734,0.3903,
