0.934,-0.4754,-0.8573,-0.7847,-0.1556,-0.7645,0.0862,0.0317,-0.6623,0.1533,0.2302,-0.4911,-0.0734,0.3903,-0.5014,-0.2507,-0.7582,0.2461,-0.1767,-0.0208,-0.807,0.006,-0.1015,0.2103,0.0827,0.2457,0.6772,-0.9072,
0.934,-0.4754,-0.8573,-0.7847,-0.1556,-0.7645,0.0862,0.0317,-0.6623,0.1533,0.2302,-0.4911,-0.0734,0.3903,-0.5014,-0.2507,-0.7582,0.2461,-0.1767,-0.0208,-0.807,0.006,-0.1015,0.2103,0.0827,0.2457,0.6772,-0.9072,
0.934,-0.4754,-0.8573,-0.7847,-0.1556,-0.7645,0.0862,0.0317,-0.6623,0.1533,0.2302,-0.4911,-0.0734,0.3903,-0.5014,-0.2507,-0.7582,0.2461,-0.1767,-0.0208,-0.807,0.006,-0.1015,0.2103,0.0827,0.2457,0.6772,-0.9072,
0.934,-0.4754,-0.8573,-0.7847,-0.1556,-0.7645,0.0862,0.0317,-0.6623,0.1533,0.2302,-0.4911,-0.0734,0.3903,-0.5014,-0.2507,-0.7582,0.2461,-0.1767,-0.0208,-0.807,0.006,-0.1015,0.2103,0.0827,0.2457,0.6772,-0.9072,
0.934,-0.4754,-0.8573,-0.7847,-0.1556,-0.7645,0.0862,0.0317,-0.6623,0.1533,0.2302,-0.4911,-0.0734,0.3903,-0.5014,-0.2507,-0.7582,0.2461,-0.1767,-0.0208,-0.807,0.006,-0.1015,0.2103,0.0827,0.2457,0.6772,-0.9072,
0.934,-0.4754,-0.8573,-0.7847,-0.1556,-0.7645,0.0862,0.0317,-0.6623,0.1533,0.2302,-0.4911,-0.0734,0.3903,-0.5014,-0.2507,-0.7582,0.2461,-0.1767,-0.0208,-0.807,0.006,-0.1015,0.2103,0.0827,0.2457,0.6772,-0.9072,
0.934,-0.4754,-0.8573,-0.7847,-0.1556,-0.7645,0.0862,0.0317,-0.6623,0.1533,0.2302,-0.4911,-0.0734,0.3903,-0.5014,-0.2507,-0.7582,0.2461,-0.1767,-0.0208,-0.807,0.006,-0.1015,0.2103,0.0827,0.2457,0.6772,-0.9072,
0.934,-0.4754,-0.8573,-0.7847,-0.1556,-0.7645,0.0862,0.0317,-0.6623,0.1533,0.2302,-0.4911,-0.0734,0.3903,-0.5014,-0.2507,-0.7582,0.2461,-0.1767,-0.0208,-0.807,0.006,-0.1015,0.2103,0.0827,0.2457,0.6772,-0.9072,
0.934,-0.4754,-0.8573,-0.7847,-0.1556,-0.7645,0.0862,0.0317,-0.6623,0.1533,0.2302,-0.4911,-0.0734,0.3903,-0.5014,-0.2507,-0.7582,0.2461,-0.1767,-0.0208,-0.807,0.006,-0.1015,0.2103,0.0827,0.2457,0.6772,-0.9072,
0.934,-0.4754,-0.8573,-0.7847,-0.1556,-0.7645,0.0862,0.0317,-0.6623,0.1533,0.2302,-0.4911,-0.0734,0.3903,-0.5014,-0.2507,-0.7582,0.2461,-0.1767,-0.0208,-0.807,0.006,-0.1015,0.2103,0.0827,0.2457,0.6772,-0.9072,
0.934,-0.4754,-0.8573,-0.7847,-0.1556,-0.7645,0.0862,0.0317,-0.6623,0.1533,0.2302,-0.4911,-0.0734,0.3903,-0.5014,-0.2507,-0.7582,0.2461,-0.1767,-0.0208,-0.807,0.006,-0.1015,0.2103,0.0827,0.2457,0.6772,-0.9072,
0.934,-0.4754,-0.8573,-0.7847,-0.1556,-0.7645,0.0862,0.0317,-0.6623,0.1533,0.2302,-0.4911,-0.0734,0.3903,-0.5014,-0.2507,-0.7582,0.2461,-0.1767,-0.0208,-0.807,0.006,-0.1015,0.2103,0.0827,0.2457,0.6772,-0.9072,
0.934,-0.4754,-0.8573,-0.7847,-0.1556,-0.7645,0.0862,0.0317,-0.6623,0.1533,0.2302,-0.4911,-0.0734,0.3903,-0.5014,-0.2507,-0.7582,0.2461,-0.1767,-0.0208,-0.807,0.006,-0.1015,0.2103,0.0827,0.2457,0.6772,-0.9072,
0.934,-0.4754,-0.8573,-0.7847,-0.1556,-0.7645,0.0862,0.0317,-0.6623,0.1533,0.2302,-0.4911,-0.0734,0.3903,-0.5014,-0.2507,-0.7582,0.2461,-0.1767,-0.0208,-0.807,0.006,-0.1015,0.2103,0.0827,0.2457,0.6772,-0.9072,
0.934,-0.4754,-0.8573,-0.7847,-0.1556,-0.7645,0.0862,0.0317,-0.6623,0.1533,0.2302,-0.4911,-0.0734,0.3903,-0.5014,-0.2507,-0.7582,0.2461,-0.1767,-0.0208,-0.807,0.006,-0.1015,0.2103,0.0827,0.2457,0.6772,-0.9072,
0.934,-0.4754,-0.8573,-0.7847,-0.1556,-0.7645,0.0862,0.0317,-0.6623,0.1533,0.2302,-0.4911,-0.0734,0.3903,-0.5014,-0.2507,-0.7582,0.2461,-0.1767,-0.0208,-0.807,0.006,-0.1015,0.2103,0.0827,0.2457,0.6772,-0.9072,
0.934,-0.4754,-0.8573,-0.7847,-0.1556,-0.7645,0.0862,0.0317,-0.6623,0.1533,0.2302,-0.4911,-0.0734,0.3903,-0.5014,-0.2507,-0.7582,0.2461,-0.1767,-0.0208,-0.807,0.006,-0.1015,0.2103,0.0827,0.2457,0.6772,-0.9072,
0.934,-0.4754,-0.8573,-0.7847,-0.1556,-0.7645,0.0862,0.0317,-0.6623,0.1533,0.2302,-0.4911,-0.0734,0.3903,-0.5014,-0.2507,-0.7582,0.2461,-0.1767,-0.0208,-0.807,0.006,-0.1015,0.2103,0.0827,0.2457,0.6772,-0.9072,
0.934,-0.4754,-0.8573,-0.7847,-0.1556,-0.7645,0.0862,0.0317,-0.6623,0.1533,0.2302,-0.4911,-0.0734,0.3903,-0.5014,-0.2507,-0.7582,0.2461,-0.1767,-0.0208,-0.807,0.006,-0.1015,0.2103,0.0827,0.2457,0.6772,-0.9072,
0.934,-0.4754,-0.8573,-0.7847,-0.1556,-0.7645,0.0862,0.0317,-0.6623,0.1533,0.2302,-0.4911,-0.0734,0.3903,-0.5014,-0.2507,-0.7582,0.2461,-0.1767,-0.0208,-0.807,0.006,-0.1015,0.2103,0.0827,0.2457,0.6772,-0.9072,
0.934,-0.4754,-0.8573,-0.7847,-0.1556,-0.7645,0.0862,0.0317,-0.6623,0.1533,0.2302,-0.4911,-0.0734,0.3903,-0.5014,-0.2507,-0.7582,0.2461,-0.1767,-0.0208,-0.807,0.006,-0.1015,0.2103,0.0827,0.2457,0.6772,-0.9072,
0.934,-0.4754,-0.8573,-0.7847,-0.1556,-0.7645,0.0862,0.0317,-0.6623,0.1533,0.2302,-0.4911,-0.0734,0.3903,-0.5014,-0.2507,-0.7582,0.2461,-0.1767,-0.0208,-0.807,0.006,-0.1015,0.2103,0.0827,0.2457,0.6772,-0.9072,
0.934,-0.4754,-0.8573,-0.7847,-0.1556,-0.7645,0.0862,0.0317,-0.6623,0.1533,0.2302,-0.4911,-0.0734,0.3903,-0.5014,-0.2507,-0.7582,0.2461,-0.1767,-0.0208,-0.807,0.006,-0.1015,0.2103,0.0827,0.2457,0.6772,-0.9072,
0.934,-0.4754,-0.8573,-0.7847,-0.1556,-0.7645,0.0862,0.0317,-0.6623,0.1533,0.2302,-0.4911,-0.0734,0.3903,-0.5014,-0.2507,-0.7582,0.2461,-0.1767,-0.0208,-0.807,0.006,-0.1015,0.2103,0.0827,0.2457,0.6772,-0.9072,
0.934,-0.4754,-0.8573,-0.7847,-0.1556,-0.7645,0.0862,0.0317,-0.6623,0.1533,0.2302,-0.4911,-0.0734,0.3903,-0.5014,-0.2507,-0.7582,0.2461,-0.1767,-0.0208,-0.807,0.006,-0.1015,0.2103,0.0827,0.2457,0.6772,-0.9072,
0.934,-0.4754,-0.8573,-0.7847,-0.1556,-0.7645,0.0862,0.0317,-0.6623,0.1533,0.2302,-0.4911,-0.0734,0.3903,-0.5014,-0.2507,-0.7582,0.2461,-0.1767,-0.0208,-0.807,0.006,-0.1015,0.2103,0.0827,0.2457,0.6772,-0.9072,
0.934,-0.4754,-0.8573,-0.7847,-0.1556,-0.7645,0.0862,0.0317,-0.6623,0.1533,0.2302,-0.4911,-0.0734,0.3903,-0.5014,-0.2507,-0.7582,0.2461,-0.1767,-0.0208,-0.807,0.006,-0.1015,0.2103,0.0827,0.2457,0.6772,-0.9072,
0.934,-0.4754,-0.8573,-0.7847,-0.1556,-0.7645,0.0862,0.0317,-0.6623,0.1533,0.2302,-0.4911,-0.0734,0.3903,-0.5014,-0.2507,-0.7582,0.2461,-0.1767,-0.0208,-0.807,0.006,-0.1015,0.2103,0.0827,0.2457,0.6772,-0.9072,
0.934,-0.4754,-0.8573,-0.7847,-0.1556,-0.7645,0.0862,0.0317,-0.6623,0.1533,0.2302,-0.4911,-0.0734,0.3903,-0.5014,-0.2507,-0.7582,0.2461,-0.1767,-0.0208,-0.807,0.006,-0.1015,0.2103,0.0827,0.2457,0.6772,-0.9072,
0.934,-0.4754,-0.8573,-0.7847,-0.1556,-0.7645,0.0862,0.0317,-0.6623,0.1533,0.2302,-0.4911,-0.0734,0.3903,-0.5014,-0.2507,-0.7582,0.2461,-0.1767,-0.0208,-0.807,0.006,-0.1015,0.2103,0.0827,0.2457,0.6772,-0.9072,
0.934,-0.4754,-0.8573,-0.7847,-0.1556,-0.7645,0.0862,0.0317,-0.6623,0.1533,0.2302,-0.4911,-0.0734,0.3903,-0.5014,-0.2507,-0.7582,0.2461,-0.1767,-0.0208,-0.807,0.006,-0.1015,0.2103,0.0827,0.2457,0.6772,-0.9072,
0.934,-0.4754,-0.8573,-0.7847,-0.1556,-0.7645,0.0862,0.0317,-0.6623,0.1533,0.2302,-0.4911,-0.0734,0.3903,-0.5014,-0.2507,-0.7582,0.2461,-0.1767,-0.0208,-0.807,0.006,-0.1015,0.2103,0.0827,0.2457,0.6772,-0.9072,
0.934,-0.4754,-0.8573,-0.7847,-0.1556,-0.7645,0.0862,0.0317,-0.6623,0.1533,0.2302,-0.4911,-0.0734,0.3903,-0.5014,-0.2507,-0.7582,0.2461,-0.1767,-0.0208,-0.807,0.006,-0.1015,0.2103,0.0827,0.2457,0.6772,-0.9072,
0.934,-0.4754,-0.8573,-0.7847,-0.1556,-0.7645,0.0862,0.0317,-0.6623,0.1533,0.2302,-0.4911,-0.0734,0.3903,-0.5014,-0.2507,-0.7582,0.2461,-0.1767,-0.0208,-0.807,0.006,-0.1015,0.2103,0.0827,0.2457,0.6772,-0.9072,
0.934,-0.4754,-0.8573,-0.7847,-0.1556,-0.7645,0.0862,0.0317,-0.6623,0.1533,0.2302,-0.4911,-0.0734,0.3903,-0.5014,-0.2507,-0.7582,0.2461,-0.1767,-0.0208,-0.807,0.006,-0.1015,0.2103,0.0827,0.2457,0.6772,-0.9072,
0.934,-0.4754,-0.8573,-0.7847,-0.1556,-0.7645,0.0862,0.0317,-0.6623,0.1533,0.2302,-0.4911,-0.0734,0.3903,-0.5014,-0.2507,-0.7582,0.2461,-0.1767,-0.0208,-0.807,0.006,-0.1015,0.2103,0.0827,0.2457,0.6772,-0.9072,
0.934,-0.4754,-0.8573,-0.7847,-0.1556,-0.7645,0.0862,0.0317,-0.6623,0.1533,0.2302,-0.4911,-0.0734,0.3903,-0.5014,-0.2507,-0.7582,0.2461,-0.1767,-0.0208,-0.807,0.006,-0.1015,0.2103,0.0827,0.2457,0.6772,-0.9072,
0.934,-0.4754,-0.8573,-0.7847,-0.1556,-0.7645,0.0862,0.0317,-0.6623,0.1533,0.2302,-0.4911,-0.0734,0.3903,-0.5014,-0.2507,-0.7582,0.2461,-0.1767,-0.0208,-0.807,0.006,-0.1015,0.2103,0.0827,0.2457,0.6772,-0.9072,
0.934,-0.4754,-0.8573,-0.7847,-0.1556,-0.7645,0.0862,0.0317,-0.6623,0.1533,0.2302,-0.4911,-0.0734,0.3903,-0.5014,-0.2507,-0.7582,0.2461,-0.1767,-0.0208,-0.807,0.006,-0.1015,0.2103,0.0827,0.2457,0.6772,-0.9072,
0.934,-0.4754,-0.8573,-0.7847,-0.1556,-0.7645,0.0862,0.0317,-0.6623,0.1533,0.2302,-0.4911,-0.0734,0.3903,-0.5014,-0.2507,-0.7582,0.2461,-0.1767,-0.0208,-0.807,0.006,-0.1015,0.2103,0.0827,0.2457,0.6772,-0.9072,
0.934,-0.4754,-0.8573,-0.7847,-0.1556,-0.7645,0.0862,0.0317,-0.6623,0.1533,0.2302,-0.4911,-0.0734,0.3903,-0.5014,-0.2507,-0.7582,0.2461,-0.1767,-0.0208,-0.807,0.006,-0.1015,0.2103,0.0827,0.2457,0.6772,-0.9072,
0.934,-0.4754,-0.8573,-0.7847,-0.1556,-0.7645,0.0862,0.0317,-0.6623,0.1533,0.2302,-0.4911,-0.0734,0.3903,-0.5014,-0.2507,-0.7582,0.2461,-0.1767,-0.0208,-0.807,0.006,-0.1015,0.2103,0.0827,0.2457,0.6772,-0.9072,
0.934,-0.4754,-0.8573,-0.7847,-0.1556,-0.7645,0.0862,0.0317,-0.6623,0.1533,0.2302,-0.4911,-0.0734,0.3903,-0.5014,-0.2507,-0.7582,0.2461,-0.1767,-0.0208,-0.807,0.006,-0.1015,0.2103,0.0827,0.2457,0.6772,-0.9072,
0.934,-0.4754,-0.8573,-0.7847,-0.1556,-0.7645,0.0862,0.0317,-0.6623,0.1533,0.2302,-0.4911,-0.0734,0.3903,-0.5014,-0.2507,-0.7582,0.2461,-0.1767,-0.0208,-0.807,0.006,-0.1015,0.2103,0.0827,0.2457,0.6772,-0.9072,
0.934,-0.4754,-0.8573,-0.7847,-0.1556,-0.7645,0.0862,0.0317,-0.6623,0.1533,0.2302,-0.4911,-0.0734,0.3903,-0.5014,-0.2507,-0.7582,0.2461,-0.1767,-0.0208,-0.807,0.006,-0.1015,0.2103,0.0827,0.2457,0.6772,-0.9072,
0.934,-0.4754,-0.8573,-0.7847,-0.1556,-0.7645,0.0862,0.0317,-0.6623,0.1533,0.2302,-0.4911,-0.0734,0.3903,-0.5014,-0.2507,-0.7582,0.2461,-0.1767,-0.0208,-0.807,0.006,-0.1015,0.2103,0.0827,0.2457,0.6772,-0.9072,
0.934,-0.4754,-0.8573,-0.7847,-0.1556,-0.7645,0.0862,0.0317,-0.6623,0.1533,0.2302,-0.4911,-0.0734,0.3903,-0.5014,-0.2507,-0.7582,0.2461,-0.1767,-0.0208,-0.807,0.006,-0.1015,0.2103,0.0827,0.2457,0.6772,-0.9072,
0.934,-0.4754,-0.8573,-0.7847,-0.1556,-0.7645,0.0862,0.0317,-0.6623,0.1533,0.2302,-0.4911,-0.0734,0.3903,-0.5014,-0.2507,-0.7582,0.2461,-0.1767,-0.0208,-0.807,0.006,-0.1015,0.2103,0.0827,0.2457,0.6772,-0.9072,
0.934,-0.4754,-0.8573,-0.7847,-0.1556,-0.7645,0.0862,0.0317,-0.6623,0.1533,0.2302,-0.4911,-0.0734,0.3903,-0.5014,-0.2507,-0.7582,0.2461,-0.1767,-0.0208,-0.807,0.006,-0.1015,0.2103,0.0827,0.2457,0.6772,-0.9072,
0.934,-0.4754,-0.8573,-0.7847,-0.1556,-0.7645,0.0862,0.0317,-0.6623,0.1533,0.2302,-0.4911,-0.0734,0.3903,-0.5014,-0.2507,-0.7582,0.2461,-0.1767,-0.0208,-0.807,0.006,-0.1015,0.2103,0.0827,0.2457,0.6772,-0.9072,
0.934,-0.4754,-0.8573,-0.7847,-0.1556,-0.7645,0.0862,0.0317,-0.6623,0.1533,0.2302,-0.4911,-0.0734,0.3903,-0.5014,-0.2507,-0.7582,0.2461,-0.1767,-0.0208,-0.807,0.006,-0.1015,0.2103,0.0827,0.2457,0.6772,-0.9072,
0.934,-0.4754,-0.8573,-0.7847,-0.1556,-0.7645,0.0862,0.0317,-0.6623,0.1533,0.2302,-0.4911,-0.0734,0.3903,-0.5014,-0.2507,-0.7582,0.2461,-0.1767,-0.0208,-0.807,0.006,-0.1015,0.2103,0.0827,0.2457,0.6772,-0.9072,
0.934,-0.4754,-0.8573,-0.7847,-0.1556,-0.7645,0.0862,0.0317,-0.6623,0.1533,0.2302,-0.4911,-0.0734,0.3903,-0.5014,-0.2507,-0.7582,0.2461,-0.1767,-0.0208,-0.807,0.006,-0.1015,0.2103,0.0827,0.2457,0.6772,-0.9072,
0.934,-0.4754,-0.8573,-0.7847,-0.1556,-0.7645,0.0862,0.0317,-0.6623,0.1533,0.2302,-0.4911,-0.0734,0.3903,-0.5014,-0.2507,-0.7582,0.2461,-0.1767,-0.0208,-0.807,0.006,-0.1015,0.2103,0.0827,0.2457,0.6772,-0.9072,
0.934,-0.4754,-0.8573,-0.7847,-0.1556,-0.7645,0.0862,0.0317,-0.6623,0.1533,0.2302,-0.4911,-0.0734,0.3903,-0.5014,-0.2507,-0.7582,0.2461,-0.1767,-0.0208,-0.807,0.006,-0.1015,0.2103,0.0827,0.2457,0.6772,-0.9072,
0.934,-0.4754,-0.8573,-0.7847,-0.1556,-0.7645,0.0862,0.0317,-0.6623,0.1533,0.2302,-0.4911,-0.0734,0.3903,-0.5014,-0.2507,-0.7582,0.2461,-0.1767,-0.0208,-0.807,0.006,-0.1015,0.2103,0.0827,0.2457,0.6772,-0.9072,
0.934,-0.4754,-0.8573,-0.7847,-0.1556,-0.7645,0.0862,0.0317,-0.6623,0.1533,0.2302,-0.4911,-0.0734,0.3903,-0.5014,-0.2507,-0.7582,0.2461,-0.1767,-0.0208,-0.807,0.006,-0.1015,0.2103,0.0827,0.2457,0.6772,-0.9072,
0.934,-0.4754,-0.8573,-0.7847,-0.1556,-0.7645,0.0862,0.0317,-0.6623,0.1533,0.2302,-0.4911,-0.0734,0.3903,-0.5014,-0.2507,-0.7582,0.2461,-0.1767,-0.0208,-0.807,0.006,-0.1015,0.2103,0.0827,0.2457,0.6772,-0.9072,
0.934,-0.4754,-0.8573,-0.7847,-0.1556,-0.7645,0.0862,0.0317,-0.6623,0.1533,0.2302,-0.4911,-0.0734,0.3903,-0.5014,-0.2507,-0.7582,0.2461,-0.1767,-0.0208,-0.807,0.006,-0.1015,0.2103,0.0827,0.2457,0.6772,-0.9072,
0.934,-0.4754,-0.8573,-0.7847,-0.1556,-0.7645,0.0862,0.0317,-0.6623,0.1533,0.2302,-0.4911,-0.0734,0.3903,-0.5014,-0.2507,-0.7582,0.2461,-0.1767,-0.0208,-0.807,0.006,-0.1015,0.2103,0.0827,0.2457,0.6772,-0.9072,
0.934,-0.4754,-0.8573,-0.7847,-0.1556,-0.7645,0.0862,0.0317,-0.6623,0.1533,0.2302,-0.4911,-0.0734,0.3903,-0.5014,-0.2507,-0.7582,0.2461,-0.1767,-0.0208,-0.807,0.006,-0.1015,0.2103,0.0827,0.2457,0.6772,-0.9072,
0.934,-0.4754,-0.8573,-0.7847,-0.1556,-0.7645,0.0862,0.0317,-0.6623,0.1533,0.2302,-0.4911,-0.0734,0.3903,-0.5014,-0.2507,-0.7582,0.2461,-0.1767,-0.0208,-0.807,0.006,-0.1015,0.2103,0.0827,0.2457,0.6772,-0.9072,
0.934,-0.4754,-0.8573,-0.7847,-0.1556,-0.7645,0.0862,0.0317,-0.6623,0.1533,0.2302,-0.4911,-0.0734,0.3903,-0.5014,-0.2507,-0.7582,0.2461,-0.1767,-0.0208,-0.807,0.006,-0.1015,0.2103,0.0827,0.2457,0.6772,-0.9072,
0.934,-0.4754,-0.8573,-0.7847,-0.1556,-0.7645,0.0862,0.0317,-0.6623,0.1533,0.2302,-0.4911,-0.0734,0.3903,-0.5014,-0.2507,-0.7582,0.2461,-0.1767,-0.0208,-0.807,0.006,-0.1015,0.2103,0.0827,0.2457,0.6772,-0.9072,
