0.64,-0.8,-0.99,0.79,-0.75,0.52,0.03,-0.07,-0.54,-0.7,0.65,0.56,0.13,0.38,0.5,0.23,
0.22,-0.77,-0.68,0.98,0.07,0.24,0.45,-0.13,0.92,0.66,0.83,-0.44,0.61,0.82,-0.44,-0.34,
0.74,-0.96,-0.17,-0.23,-0.42,0.32,0.03,-0.43,-0.42,0.28,-0.25,-0.31,0.44,0.58,-0.14,0.42,
0.95,0.16,-0.92,-0.58,-0.67,-0.91,0.12,-0.64,0.36,0.65,-0.69,-0.97,-0.34,0.87,0.24,0.91,
0.51,-0.46,-0.82,0.24,-0.37,-0.65,-0.21,0.3,-0.76,-0.3,0.11,-0.09,0.56,-0.21,0.05,0.43,
0.99,0.25,-0.61,0.33,0.28,-0.89,0,0.15,-0.62,-0.57,-0.43,-0.77,0.57,-0.11,0.2,-0.21,
0.12,0.37,0.17,0.42,-0.99,-0.88,-0.99,0.68,-0.05,-0.14,0.37,0.68,-0.76,0.79,0.35,-0.05,
-0.53,-0.64,-0.69,-0.76,0.67,0.89,0.57,0.3,0.93,-0.67,-0.71,-0.3,0.78,0.19,0.7,-0.67,
-0.67,-0.78,0.08,0.08,0.99,0.27,0,-0.02,0.84,0.39,0.29,0.54,-0.11,-0.87,-0.92,-0.94,
-0.89,0.28,0.99,0.47,-0.29,-0.88,-0.33,-0.74,-0.75,0.89,-0.33,-0.22,0.46,0.57,0.72,-0.37,
-0.19,-0.32,0.98,0.82,-0.34,0.89,0.75,-0.5,-0.1,-0.5,-0.53,-0.34,-0.26,0.78,0.8,-0.48,
-0.5,-0.9,-0.53,-0.06,-0.69,0.62,0.74,0.87,-0.53,-0.99,-0.97,0.04,0.49,0.56,0.17,-0.85,
0.77,0.63,0.17,0.8,0.14,-0.16,0.56,0.58,-0.94,0.01,-0.33,0.68,0.05,-0.8,0.47,-0.51,
-0.16,-0.83,0.91,0.04,-0.2,-0.7,-0.38,-0.72,0.63,0.81,0.89,0.56,-0.82,0.15,0.65,-0.98,
0.36,-0.08,0.36,-0.63,-0.06,-0.53,0.06,0.59,0.48,0.39,-0.54,0.8,0.5,0.94,0.34,-0.24,
0.54,-0.87,-0.05,-0.25,0.93,-0.44,-0.24,-0.93,0,0.04,0.22,-0.03,-0.74,0.14,0.72,0.44,
-0.05,0.65,-0.53,-0.26,0.03,-0.49,0.21,0.57,0.87,0,-0.78,0.73,-0.5,0,0.95,-0.46,
0.96,0.58,-0.93,-0.15,0.15,-0.11,0.58,0.14,-0.57,-0.58,0.84,-0.91,0.16,-0.27,0.3,0.61,
0.18,-0.44,0.23,-0.65,0.72,0.86,0.93,-0.37,0.55,-0.11,-0.8,0.4,-0.79,-0.17,0.24,0.76,
-0.03,0.41,0.59,0.03,-0.62,0.2,-0.78,0.42,0.68,-0.09,0.36,0.62,-0.59,-0.03,-0.05,-0.24,
0.88,0.01,-0.18,0.44,-0.86,-0.49,-0.5,0.91,-0.95,-0.67,-0.91,0.94,0.18,0.34,-0.93,-0.05,
-0.26,-0.27,-0.37,0.85,0.53,0.57,0.06,0.23,-0.26,-0.88,-0.73,0.09,0.28,0.61,0.87,-0.5,
-0.51,0.95,0.97,0.85,0.4,0.91,-0.16,0.87,-0.51,0.56,-0.57,0.96,-0.94,-0.47,0.66,0.1,
-0.38,-0.65,-0.2,-0.98,0.32,-0.51,0.56,-0.75,0.85,-0.4,0.83,-0.74,0.78,-0.42,-0.06,-0.16,
0.34,0.94,-0.48,0.9,0.43,-0.71,0.19,-0.96,0.9,-0.89,-0.08,-0.31,0.88,0.21,0.19,-0.8,
-0.06,0.29,0.52,-0.16,0.84,-0.09,-0.57,-0.85,-0.86,-0.49,-0.86,-0.6,-0.69,0.55,0.68,-0.61,
-0.65,-0.82,0.52,-0.54,0.18,-0.71,-0.89,-0.02,-0.47,0.09,0.39,0.48,-0.91,0.61,0.88,0.92,
0.22,-0.79,-0.92,-0.23,-0.71,0.23,0.74,-0.3,-0.99,0.62,-0.21,-0.67,0.02,0.32,0.29,-0.78,
0.67,0.48,0.43,0.94,0.38,-0.61,0.85,-0.07,-0.78,0.94,0.51,0.92,-0.8,0.09,0.56,-0.01,
0.53,0.43,0.21,-0.86,0.55,0.62,-0.13,0.98,0.05,-0.69,0.53,0.07,-0.2,-0.87,-0.74,-0.6,
-0.65,0.91,0.95,-0.74,0.47,0.16,0.91,-0.16,0.04,-0.65,0.78,-0.9,0.5,-0.55,-0.61,0.81,
-0.09,-0.55,-0.51,-0.85,0.28,-0.3,-0.47,-0.21,-0.85,-0.71,0.26,-0.53,0.96,-0.29,-0.91,0,
0.34,-0.81,0.86,0.58,-0.36,0.95,-0.14,0.37,0.95,-0.37,-0.49,-0.66,-0.37,0.62,-0.47,0.5,
0.94,-0.51,-0.34,-0.12,-0.45,-0.1,-0.92,-0.03,0.06,0.13,-0.95,-0.39,-0.49,-0.83,0.27,-0.17,
0.53,0.29,0.5,-0.79,-0.18,-0.8,-0.45,-0.82,0.2,-0.62,-0.82,-0.52,0.66,0.64,-0.54,-0.47,
-0.25,-0.01,-0.09,-0.44,0.82,0.39,-0.12,-0.96,0.79,0.09,0.1,-0.55,0.24,0.79,-0.07,-0.95,
-0.32,-0.2,0.66,-0.99,-1,0.52,-0.52,-0.68,0.91,0.12,-0.93,0.56,0.08,-0.03,-0.34,-0.24,
-0.91,-0.99,0.63,0.68,-0.71,0.47,-0.07,-0.13,-0.43,0.68,0.13,0.74,-1,0.26,0.21,-0.82,
-0.86,0.6,0.93,0.04,-0.73,0.58,-0.17,-0.82,0.43,-0.3,-0.02,-0.55,0.44,0.55,-0.43,0.37,
-0.43,0.57,-0.64,-0.11,0.58,-0.43,-0.77,0.07,0.25,0.71,0.66,0.54,-0.61,-0.91,0.57,0.78,
-0.84,0.85,0.13,0.23,-0.58,-0.46,0.1,0.22,0.05,-0.13,-0.17,-0.4,-0.65,0.77,-0.01,-0.39,
0.1,0.98,-0.23,0.69,0.02,-0.78,-0.22,0.92,-0.13,0.57,-0.95,0.99,0.04,-0.16,0.44,0.08,
-0.11,0,0.17,-0.98,-0.3,-0.03,-0.57,0.9,-0.08,-0.64,0.06,-0.35,-0.48,-0.89,0.36,-0.92,
0.42,0.49,-0.62,-0.52,-0.61,-0.28,0.86,0.74,-0.62,-0.7,-0.54,0.18,-0.64,0.28,-0.75,-0.27,
-0.58,0.77,-0.87,0.09,-0.93,0.26,-0.03,-0.6,-0.19,-0.17,0.91,0.08,0.72,0.86,0.76,-0.58,
-0.43,0.61,0.19,0.2,0.85,-0.83,0.48,-0.8,-0.33,0.18,-0.1,-0.3,-0.5,-0.8,0.78,0.69,
-0.98,-0.86,0.93,-0.41,-0.8,-0.79,-0.84,-0.78,-0.28,0.91,0.15,0.25,0.78,-0.95,-0.72,0.94,
-0.19,-0.5,0.68,0.27,0.64,0.13,-0.1,0.72,0.17,0.5,0.51,-0.99,-0.34,-0.44,-0.58,0.32,
0.94,0.41,-0.03,0.57,0.9,0.1,-0.52,0.6,0.52,-0.55,0.32,0.71,-0.69,-0.79,-0.34,0.69,
0.95,-0.44,0.85,0.02,-0.29,0.9,0.74,0.32,0.25,-0.55,-0.06,0.09,-0.86,-0.24,-0.75,-0.02,
